[0.48261347]
[-0.51549169]
[-0.52418256]
[0.47917938]
[-0.53811121]
[0.46645546]
[0.48291808]
[0.47390753]
[0.48697844]
[-0.53372955]
[0.49313506]
[0.4966864]
[-0.5337362]
[-0.52091867]
[-0.5093388]
[-0.5325065]
[0.47520858]
[0.48195103]
[-0.50954458]
[-0.53004304]
[-0.50091577]
[0.48120666]
[-0.52986777]
[-0.52374554]
[-0.53819492]
[-0.51314721]
[-0.52537572]
[-0.50292817]
[0.48467579]
[0.49804541]
[0.47199857]
[-0.50993663]
[-0.52527076]
[-0.51672301]
[0.48615023]
[-0.52614745]
[0.50778592]
[-0.51484284]
[-0.53194985]
[-0.51698658]
[0.48626703]
[0.48005193]
[-0.51408744]
[0.46965566]
[-0.50532037]
[0.47493744]
[-0.53144753]
[-0.50575691]
[0.48576698]
[-0.51433742]
[0.49782205]
[-0.50728434]
[0.47838208]
[-0.53341243]
[0.50069863]
[-0.50490421]
[0.4888579]
[0.48439425]
[0.47169486]
[0.48685518]
[0.49633199]
[0.47035652]
[0.47519845]
[-0.51137662]
[0.4744148]
[0.47645891]
[0.48847133]
[-0.52224416]
[-0.5251216]
[0.48357007]
[-0.53887728]
[0.47747198]
[0.47772154]
[-0.52033696]
[-0.53681451]
[-0.5019325]
[-0.52317563]
[0.47757921]
[-0.52199462]
[0.47739601]
[0.48819184]
[0.50078499]
[0.48605606]
[0.4888697]
[0.50724363]
[0.49567315]
[0.49396753]
[-0.52128512]
[-0.50681433]
[0.48281792]
[0.48412085]
[0.49115425]
[0.48389477]
[-0.51171246]
[0.49658519]
[-0.51243904]
[0.48151436]
[0.48286051]
[0.49662617]
[0.50776124]
[0.49902821]
[0.49454856]
[-0.51440719]
[-0.49901992]
[0.48478907]
[-0.50467566]
[0.501279]
[0.49369392]
[0.48926088]
[0.47360879]
[0.48818472]
[0.48705229]
[0.49021465]
[0.48844221]
[0.47999671]
[0.48155078]
[-0.51788345]
[-0.50707409]
[0.49171495]
[-0.51947147]
[0.48044467]
[0.48050752]
[-0.50791088]
[-0.53059012]
[0.4758203]
[-0.50800276]
[0.47291309]
[0.49749374]
[0.50976068]
[-0.51043248]
[0.4860881]
[-0.52612624]
[-0.52291536]
[0.50443691]
[-0.50251499]
[0.50359851]
[-0.52575934]
[0.49372482]
[0.51232135]
[0.5068661]
[-0.51768199]
[-0.51590943]
[0.49757212]
[-0.49996805]
[0.49310467]
[0.49395788]
[0.49167144]
[-0.50978306]
[0.47393346]
[0.50131458]
[0.49890709]
[0.48013762]
[0.48461926]
[-0.51258835]
[0.48955962]
[0.50414014]
[-0.52023202]
[0.48910463]
[0.5100255]
[0.49647686]
[-0.51985365]
[-0.51187068]
[-0.51559454]
[-0.50684193]
[0.4806118]
[-0.50825679]
[0.49715218]
[-0.50370902]
[-0.50845122]
[-0.51912525]
[0.49576256]
[0.48442313]
[0.48402017]
[0.47821105]
[0.46841687]
[-0.52443463]
[0.47109669]
[0.46053013]
[-0.53612652]
[-0.51868579]
[0.47047949]
[0.48088688]
[0.48041219]
[0.50435418]
[-0.52226785]
[0.48227531]
[0.47770038]
[0.48073757]
[0.47445709]
[0.48528233]
[0.46178129]
[0.47069988]
[-0.52766341]
[0.46890199]
[0.47046998]
[0.47349876]
[-0.52565438]
[0.47956887]
[-0.51383042]
[0.48358914]
[-0.50951201]
[0.47898969]
[0.47372934]
[0.47829798]
[-0.51629898]
[0.49625829]
[0.49437776]
[0.46784088]
[-0.51694882]
[-0.51757514]
[-0.52605963]
[0.47288334]
[-0.52126729]
[0.47641984]
[0.47569904]
[0.4667322]
[0.47608045]
[0.48243713]
[0.48269457]
[0.46865481]
[0.48371574]
[0.49011722]
[-0.52799621]
[0.49291912]
[0.4816303]
[0.49382854]
[0.4761079]
[0.47636351]
[0.46251068]
[0.47477707]
[0.47642612]
[0.47549474]
[0.48550159]
[-0.50967291]
[0.48206007]
[0.47674772]
[0.46925926]
[-0.52430862]
[-0.51826221]
[0.47332278]
[-0.52601412]
[-0.5354785]
[-0.52671102]
[0.48150718]
[0.4848932]
[0.48054042]
[0.48251677]
[-0.52849466]
[0.47837576]
[0.46579197]
[0.49628171]
[0.46713233]
[0.46428096]
[0.47965294]
[0.48253182]
[0.47423637]
[0.48322511]
[-0.52468696]
[-0.50412923]
[0.49296737]
[-0.52369195]
[0.49799877]
[-0.51647502]
[-0.52032742]
[-0.52612197]
[-0.49487817]
[0.49333465]
[0.47647807]
[0.5078513]
[0.49573654]
[-0.51095873]
[0.49686292]
[0.49405959]
[-0.50286832]
[-0.5285714]
[0.49173039]
[-0.50809231]
[-0.50976679]
[-0.47900265]
[-0.5210259]
[-0.51877525]
[-0.49316728]
[-0.49656194]
[-0.49593377]
[-0.5192571]
[0.49515945]
[0.49128473]
[-0.50405291]
[0.50414276]
[-0.48000187]
[0.483253]
[0.49653986]
[-0.49431342]
[-0.50011548]
[-0.50732911]
[-0.49908602]
[-0.50012502]
[-0.49309993]
[0.50409967]
[0.48910555]
[-0.49819243]
[0.50377381]
[0.52555203]
