[0.59168956]
[-0.40827248]
[-0.40337604]
[-0.39456233]
[-0.40996319]
[-0.41699374]
[-0.40997121]
[0.58683631]
[0.58852676]
[-0.41309744]
[0.59244347]
[0.58900517]
[-0.41475406]
[-0.41348565]
[-0.40974557]
[0.5949471]
[0.57924235]
[0.59979802]
[0.59285617]
[-0.42288959]
[0.59492669]
[-0.400879]
[-0.41210064]
[0.59827837]
[-0.40716177]
[0.5940522]
[0.59730008]
[0.60026973]
[0.60513759]
[-0.39409408]
[0.60922679]
[-0.39999121]
[0.60026029]
[0.60372722]
[-0.41313654]
[0.60189456]
[-0.40772331]
[-0.40738159]
[-0.39616349]
[0.6046465]
[-0.40820929]
[-0.40054038]
[-0.39047757]
[-0.39891312]
[-0.40529689]
[-0.40537518]
[-0.41247436]
[-0.4076502]
[0.59870008]
