[0.60514879]
[0.61822617]
[0.60768104]
[0.63469946]
[0.59816778]
[0.59760922]
[0.60409439]
[0.63826418]
[0.60660589]
[0.61822617]
[0.63962668]
[0.59680468]
[0.59172314]
[0.62541372]
[0.60375792]
[0.59480262]
[0.59986639]
[0.59148222]
[0.60697621]
[0.62619209]
[0.6054458]
[0.60660589]
[0.60599339]
[0.58516473]
[0.6115151]
[0.60240793]
[0.602413]
[0.60740858]
[0.60537624]
[0.61472857]
[-0.38835496]
[0.59716541]
[0.59605777]
[0.6170643]
[0.61743027]
[0.60325211]
[0.60631269]
[0.61700743]
[0.58865398]
[0.60325211]
[0.59462267]
[-0.39040929]
[0.61551315]
[-0.3829357]
[0.62908745]
[-0.39618433]
[-0.39416146]
[0.60424823]
[0.59714222]
[0.61783057]
[0.60933787]
[0.61234128]
[-0.38765872]
[0.60577154]
[0.60294247]
[0.59854859]
[-0.39337379]
[0.5984965]
[0.60325211]
[0.60826474]
[-0.39256293]
[0.60493422]
[0.60493422]
[0.60493422]
[0.60776877]
[0.60795993]
[0.61629182]
[0.59209466]
[0.59209466]
[0.60631269]
[0.60548359]
[-0.39451641]
[0.60548359]
[0.59536213]
[-0.386792]
[-0.40183222]
[0.59816778]
[0.61550719]
[0.59354919]
[0.59816778]
[-0.38765872]
[0.58704728]
[0.58935082]
[0.60660589]
[0.59816778]
[0.61153507]
[0.60959071]
[-0.39337379]
[0.60071474]
[-0.38927591]
[0.59172314]
[0.59536213]
[0.59536213]
[-0.38527143]
[0.59595758]
[0.60156202]
[0.62098068]
[0.62080258]
[0.62332708]
[0.61183888]
[0.61704832]
[0.61812991]
[0.60754132]
[0.61943656]
[0.60569096]
[0.59498608]
[-0.37753457]
[-0.37649453]
[-0.38297474]
[0.60523832]
[0.62591559]
[0.62487608]
[0.60912848]
[-0.38860273]
[0.58621883]
[-0.41378117]
[0.58621883]
[-0.38963294]
[-0.39196748]
[-0.39196748]
[0.59195471]
[0.59578878]
[0.58614606]
[0.62908745]
[0.60392016]
[-0.39097553]
[0.59192699]
[0.60640746]
[0.58210456]
[-0.40430623]
[-0.39532673]
[-0.39582574]
[-0.40203202]
[-0.39993745]
[-0.40496927]
[-0.3994993]
[-0.42067754]
[-0.41346157]
[-0.41856837]
[0.60238868]
[0.62260801]
[0.63843799]
[0.62225384]
[0.60475075]
[0.61284626]
[0.60103035]
[-0.36210722]
[-0.37815785]
[0.59058321]
[0.59058321]
[0.63778299]
[-0.36333758]
[0.60795945]
[0.60778904]
[-0.38114953]
[0.59350318]
[0.59350318]
[0.58656764]
[0.6125648]
[0.61337227]
[0.61573434]
[-0.36205304]
[-0.39859247]
[0.61495036]
[0.63647938]
[0.61686981]
[0.61376417]
[-0.38157904]
[0.63868386]
[-0.39562434]
[-0.37991226]
[-0.39242131]
[0.59978759]
[0.60593653]
[0.63322622]
[0.61915833]
[0.60062551]
[-0.37975019]
[0.611763]
[0.63523537]
[0.617553]
[0.59683913]
[0.63225532]
[0.61731607]
[0.60756361]
[0.63631451]
[0.63209254]
[0.63447183]
[-0.36860269]
[-0.38476765]
[-0.37662899]
[0.60126865]
[-0.3778438]
[0.599406]
[0.588162]
[-0.38746405]
[0.60640264]
[0.60857576]
[-0.40328199]
[-0.40217495]
[0.62325555]
[0.59597188]
[0.60669065]
[-0.38693631]
[0.60611606]
[0.59611958]
[-0.40066141]
[-0.38164103]
[-0.38838619]
[-0.38077813]
[0.59728903]
[0.63619822]
[0.63444668]
[-0.40411711]
[-0.39445978]
[0.6303826]
[-0.40006548]
[0.60573012]
[0.62468028]
[-0.39383501]
[0.63300276]
[0.63120335]
[-0.38566589]
[-0.38987076]
[-0.38652897]
[0.60306287]
[0.63113546]
[0.63450354]
[0.632815]
[-0.38490617]
[0.60602248]
[0.63079214]
[0.61199623]
[-0.38844919]
[0.62683511]
[0.61549616]
[-0.39786863]
[0.62779802]
[-0.3854658]
[-0.39003611]
[0.5970695]
[0.59974688]
[-0.39982522]
[-0.38452524]
[0.59223831]
[0.62335384]
[0.60249072]
[-0.38797987]
[-0.38379544]
[0.60113633]
[-0.38838464]
[0.61575902]
[0.60468853]
[0.59814531]
[0.60670614]
[0.63598311]
[0.61192393]
[0.62459379]
[-0.38379395]
[0.61701423]
[-0.36824739]
[-0.38589996]
[-0.37304199]
[0.62846577]
[-0.38454342]
[0.60491598]
[0.60145384]
[-0.40392441]
[-0.38783395]
[-0.38871902]
[-0.37196255]
[-0.38322109]
[0.629408]
[-0.39024216]
[-0.39897835]
[-0.3735655]
[0.61017942]
[0.62725466]
[0.62357527]
[0.61337078]
[-0.38390094]
[0.63018554]
[-0.38623047]
[-0.38653225]
[0.62792957]
[-0.38310951]
[0.62590259]
[0.63016343]
[-0.39085019]
[-0.39115328]
[-0.40307701]
[-0.38596046]
[-0.3874225]
[-0.37739152]
[0.61749649]
[-0.41397101]
[-0.37262344]
[-0.36916476]
[-0.37091589]
[-0.38263625]
[0.59438002]
[-0.38550621]
[-0.38246483]
[-0.40001452]
[-0.38711435]
[0.60412639]
[-0.39675379]
[-0.38656962]
[0.62799436]
[0.61428118]
[0.61387318]
[-0.38981783]
[-0.39127207]
[-0.40968919]
[0.62875557]
[-0.38652641]
[0.63141865]
[0.6116448]
[0.62239337]
[-0.38466638]
[-0.38554215]
[-0.37153637]
[-0.39540321]
[-0.39174753]
[0.62282723]
[-0.37286896]
[0.60321969]
[-0.38675576]
[0.62363988]
[-0.37421548]
[0.59690094]
[-0.38959605]
[-0.3775509]
[-0.38255477]
[0.62711936]
[-0.38710999]
[0.5922218]
[-0.38767642]
[0.62235373]
[0.60263509]
[0.59009802]
[0.6234166]
[0.6116941]
[-0.40761298]
[-0.40514892]
[0.59114075]
[-0.38605422]
[0.62842482]
[-0.38671434]
[-0.38738579]
[0.5926823]
[-0.37510717]
[0.62849724]
[0.60212582]
[-0.39413208]
[-0.39913583]
[-0.38456452]
[0.62899166]
[-0.39525783]
[0.62355638]
[-0.411228]
[-0.3899681]
[0.61132467]
[-0.4014259]
[-0.37186587]
[0.59337687]
[-0.37212294]
[-0.40371603]
[-0.38729632]
[-0.39318556]
[0.6268298]
[0.63108587]
[-0.38611436]
[-0.38565058]
[-0.39297992]
[0.59921241]
[-0.40529889]
[0.58850652]
[-0.39425534]
[0.59424233]
[0.61456388]
[-0.37851107]
[0.59816742]
[0.59836173]
[0.62239236]
[0.58592486]
[-0.38772273]
[0.62315243]
[-0.38792491]
[-0.39036167]
[0.61332035]
[-0.39520615]
[-0.39407748]
[0.60592252]
[-0.40527958]
[-0.39317322]
[-0.39610887]
[-0.39060718]
[0.60684115]
[-0.37347406]
[-0.39315885]
[-0.37629801]
[-0.39009315]
[0.59401429]
[-0.37705231]
[-0.40307111]
[0.61487323]
[-0.38796204]
[0.58949596]
[-0.41015184]
[-0.40779942]
[-0.37697417]
[0.59348285]
[-0.37883449]
[-0.39796978]
[-0.39090091]
[0.59850746]
[-0.39425141]
[-0.39980596]
[-0.39762682]
[0.62097245]
[0.59075135]
[-0.39598566]
[-0.40340352]
[-0.40086013]
[0.57692194]
[0.6100558]
[-0.40888965]
[0.62181449]
[0.60488153]
[-0.39131826]
[0.59608954]
[-0.37390244]
[-0.39390111]
[-0.38990861]
[-0.40471244]
[0.59528756]
[0.58133388]
[0.61092818]
[-0.38118607]
[-0.39317697]
[-0.4112941]
[0.60713768]
[0.61510772]
[0.60716599]
[-0.40969455]
[-0.39240706]
[-0.38903278]
[-0.40728772]
[-0.39338815]
[0.62197781]
[-0.3880893]
[0.587852]
[0.61248106]
[-0.39348382]
[0.59559691]
[-0.39523572]
[-0.39527851]
[0.59692019]
[-0.39082336]
[-0.3937372]
[0.62493092]
[-0.3959285]
[0.62319672]
[0.59465533]
[0.62955362]
[0.59318644]
[-0.38953006]
[-0.38655335]
[0.59950298]
[-0.37548566]
[-0.38946968]
[0.61867416]
[0.58764917]
[0.60548347]
[-0.37348306]
[0.62222838]
[0.60197026]
[-0.39720857]
[-0.37276846]
[-0.40954286]
[-0.39272094]
[0.60401481]
[-0.39080912]
[-0.40114725]
[-0.40125549]
[-0.3928141]
[-0.37761736]
[-0.39373451]
[0.61042452]
[-0.40177423]
[0.58224553]
[0.58224553]
[-0.38104892]
[0.57300502]
[0.59390664]
[-0.41360176]
[0.61591929]
[-0.39411414]
[-0.39009315]
[-0.39451808]
[-0.3895815]
[-0.39144707]
[-0.39580113]
[-0.39132029]
[-0.40796006]
[-0.3992036]
[0.59380907]
[-0.39082497]
[-0.39601344]
[0.62414867]
[-0.39558291]
[0.61843318]
[-0.40180939]
[0.58968264]
[-0.39475441]
[0.61464107]
[0.58192199]
[-0.41120756]
[0.5947473]
[-0.40530604]
[0.6232509]
[0.61925238]
[-0.37955117]
[-0.39572346]
[-0.39619988]
[0.61916947]
[-0.39178711]
[-0.39761811]
[-0.39560711]
[0.60864621]
[-0.40544903]
[-0.39317256]
[-0.39709008]
[0.61284357]
[-0.40581912]
[-0.40501606]
[-0.40711963]
[-0.39540815]
[-0.37641627]
[-0.38883889]
[-0.39419401]
[-0.39086455]
[-0.40711516]
[-0.39696795]
[0.58398944]
[0.58398944]
[0.59978735]
[-0.39571744]
[-0.38335508]
[-0.3971101]
[-0.39469427]
[-0.37930238]
[0.62230188]
[0.60920733]
[-0.39720923]
[0.56741017]
[0.6035254]
[-0.38112003]
[0.59383744]
[0.59571427]
[0.59219128]
[0.62471604]
[-0.38993847]
[-0.40324312]
[-0.40324312]
[0.61241031]
[-0.3901701]
[-0.39050454]
[-0.39627898]
[-0.37811095]
[0.57423681]
[-0.39580756]
[0.59290355]
[-0.4057945]
[0.58784038]
[0.58605868]
[0.59929693]
[-0.40106642]
[-0.40781313]
[-0.40781313]
[-0.40787816]
[-0.39467776]
[-0.41050369]
[-0.40655994]
[-0.38017249]
[-0.38656968]
[-0.39548981]
[0.62315267]
[-0.37831974]
[0.60304463]
[-0.4041689]
[0.58935857]
[-0.39640713]
[0.61880797]
[-0.37816]
[0.58932865]
[0.5893451]
[0.59387726]
[-0.39620358]
[-0.40440786]
[-0.41030008]
[0.57639009]
[-0.42360991]
[0.59435922]
[-0.41986203]
[0.59020174]
[-0.39978212]
[-0.39638662]
[0.61624783]
[-0.4039796]
[-0.39779341]
[-0.39315832]
[0.61860901]
[-0.38357276]
[0.58937728]
[0.61849844]
[-0.42332387]
[0.60952151]
[-0.40081275]
[-0.40143955]
[-0.38779569]
[-0.40582132]
[-0.3948378]
[-0.39026856]
[-0.39071321]
[-0.39424169]
[0.60206056]
[-0.39311951]
[0.60104835]
[-0.41252023]
[-0.4008981]
[-0.40430057]
[0.58973634]
[-0.40781921]
[-0.39249784]
[0.60565037]
[-0.37527061]
[-0.39528418]
[-0.40231669]
[0.62148839]
[-0.40986365]
[-0.41309339]
[0.58636862]
[-0.40969437]
[-0.39152348]
[0.57751912]
[-0.40688562]
[0.60720277]
[-0.39824802]
[0.59453034]
[-0.39572591]
[0.59347773]
[0.59182167]
[-0.39897907]
[-0.41156995]
[-0.38966691]
[0.61289883]
[-0.37698257]
[-0.40223199]
[-0.39346772]
[-0.40147406]
[-0.39705807]
[-0.42008978]
[-0.39916891]
[0.61447793]
[-0.39357835]
[0.59470427]
[-0.4066655]
[-0.4139908]
[0.58252448]
[-0.40182626]
[-0.40516537]
[-0.41290915]
[-0.40030116]
[0.6015144]
[0.60558605]
[-0.41303885]
[-0.39892185]
[-0.38986766]
[0.601107]
[-0.39247429]
[0.60638088]
[-0.38751125]
[-0.39320707]
[0.62063378]
[-0.38806552]
[0.57893306]
[-0.41089088]
[0.6016711]
[-0.40570444]
[0.59331113]
[0.61758173]
[0.56617999]
[-0.39579856]
[-0.40479422]
[0.58910674]
[-0.39758927]
[-0.39770585]
[-0.38292998]
[-0.41531271]
[-0.39646614]
[0.57066441]
[-0.39806116]
[-0.39795852]
[-0.38483715]
[-0.40853727]
[-0.4165771]
[0.5834229]
[-0.37906724]
[-0.39382207]
[0.61441636]
[0.60528517]
[-0.39822859]
[-0.39185119]
[-0.40263689]
[-0.4025529]
[-0.42319429]
[0.58909994]
[-0.41212207]
[-0.4215681]
[-0.38145733]
[0.58804613]
[-0.38903636]
[-0.39493746]
[-0.40353048]
[-0.40410316]
[0.58878434]
[-0.41164517]
[-0.39626807]
[-0.40271628]
[0.61717069]
[0.57196707]
[0.61265057]
[0.61684579]
[0.58657384]
[0.59410173]
[-0.41028845]
[-0.3980155]
[-0.4001103]
[0.5998897]
[0.60604304]
[-0.39994508]
[-0.40425998]
[0.61051142]
[0.59610224]
[0.60843724]
[-0.40046167]
[-0.41421998]
[-0.41162801]
[-0.39828807]
[0.6013751]
[-0.39325762]
[-0.41309088]
[-0.38398838]
[-0.39859754]
[0.62029392]
[0.58969921]
[-0.38504618]
[-0.39542699]
[-0.41039056]
[-0.39333135]
[-0.39874965]
[-0.40175039]
[-0.41185683]
[-0.40042508]
[-0.40950578]
[-0.41195565]
[-0.39842886]
[0.59762895]
[-0.3952083]
[-0.41772002]
[0.58764541]
[-0.39591259]
[-0.39591259]
[-0.40065968]
[-0.41407907]
[0.60918838]
[0.60935527]
[0.57631904]
[0.60345823]
[0.62727487]
[0.62128061]
[0.6171422]
[0.62108272]
[0.60783792]
[0.58971244]
[0.60552096]
[-0.40792197]
[0.57955259]
[0.5908882]
[-0.40842664]
[-0.37912834]
[0.618554]
[-0.40601069]
[-0.40135515]
[-0.41543287]
[-0.39018494]
[-0.38157779]
[-0.38475388]
[-0.41058087]
[-0.39728117]
[0.59124762]
[-0.39808339]
[-0.41558683]
[-0.38177562]
[-0.40140843]
[-0.37982851]
[-0.39602989]
[0.56928444]
[-0.41777664]
[-0.4128238]
[0.61144906]
[0.59129357]
[-0.40591657]
[-0.39795452]
[-0.3983382]
[-0.40173006]
[-0.39932853]
[-0.4051705]
[-0.41617376]
[0.58382624]
[-0.4060058]
[-0.39942938]
[-0.40215057]
[-0.41435963]
[-0.4051705]
[0.59224004]
[0.59315586]
[-0.41626817]
[-0.41626817]
[0.5757339]
[-0.38376647]
[-0.38793814]
[0.60846925]
[-0.41894305]
[-0.39052808]
[-0.43037647]
[-0.40924323]
[-0.39629334]
[-0.39473873]
[-0.40365565]
[-0.40500277]
[-0.39484465]
[0.58779508]
[0.60744333]
[0.59403008]
[0.6035589]
[-0.39809126]
[-0.39742845]
[-0.39807272]
[-0.40348518]
[-0.41429991]
[-0.40001631]
[-0.41342729]
[0.58518398]
[0.58333802]
[-0.41022652]
[0.60623491]
[0.56493956]
[-0.40278]
[-0.3965686]
[0.59772891]
[-0.40840727]
[-0.40160131]
[0.60802591]
[-0.40197098]
[-0.4132669]
[-0.40853411]
[-0.40980846]
[-0.41416615]
[-0.41522115]
[0.57639045]
[-0.40146953]
[-0.40072167]
[-0.41525578]
[-0.41561711]
[-0.41561711]
[-0.41169047]
[-0.38624656]
[-0.40663582]
[-0.41397566]
[-0.4090786]
[0.60280573]
[-0.40362114]
[-0.42635959]
[-0.40181226]
[-0.39155614]
[0.58539557]
[0.59857327]
[-0.40972662]
[0.58038098]
[-0.41409183]
[-0.38685286]
[-0.41359144]
[-0.41221869]
[-0.41221869]
[-0.38557935]
[-0.4165765]
[-0.41766202]
[-0.40408576]
[0.56686419]
[-0.40498477]
[-0.38714451]
[-0.40427727]
[0.5800615]
[-0.40011984]
[0.59905457]
[-0.40428442]
[0.60860914]
[0.60860914]
[-0.4010365]
[-0.39557862]
[-0.40420067]
[-0.39190936]
[-0.41487134]
[-0.41745287]
[-0.40211916]
[-0.41452438]
[-0.41196811]
[-0.42150438]
[0.5825907]
[0.58609164]
[-0.40554172]
[-0.40407681]
[-0.40555668]
[-0.40093291]
[-0.39932072]
[-0.4117828]
[0.58577102]
[-0.40923887]
[0.587035]
[-0.41634399]
[-0.40854907]
[-0.41569829]
[0.57007354]
[-0.4173649]
[-0.41621661]
[0.57977796]
[0.5996123]
[-0.39854699]
[-0.40260768]
[0.56833994]
[-0.40106434]
[-0.40210098]
[0.58061659]
[-0.41678935]
[-0.41255319]
[0.57842672]
[-0.39602333]
[-0.42008144]
[-0.40117431]
[-0.39276326]
[-0.4057982]
[0.5760752]
[-0.40999717]
[-0.40418428]
[-0.41976571]
[0.60574234]
[-0.40037626]
[0.59529418]
[0.57883573]
[-0.40500957]
[-0.40664297]
[-0.39094424]
[-0.4108727]
[-0.4185487]
[-0.42641819]
[-0.42641819]
[0.57358181]
[-0.4234466]
[-0.41368055]
[-0.40400594]
[0.58855462]
[0.58855462]
[0.61111403]
[-0.41283]
[0.58369732]
[-0.40664715]
[-0.41582847]
[-0.41969723]
[-0.40722317]
[-0.41119695]
[-0.39993781]
[0.57542378]
[0.57711071]
[-0.40965778]
[-0.4118737]
[-0.38654089]
[-0.41822392]
[-0.41157055]
[-0.41738284]
[0.56684458]
[-0.4076165]
[0.61564833]
[-0.40995377]
[0.59456968]
[-0.40430313]
[0.57865477]
[-0.41893148]
[-0.42514509]
[0.57955956]
[0.58693296]
[-0.41927826]
[-0.40298873]
[-0.40568435]
[-0.40474957]
[-0.40672952]
[-0.39687324]
[-0.40026575]
[-0.40707231]
[-0.40688396]
[0.56810939]
[-0.40301251]
[0.60871947]
[-0.40333545]
[0.60111839]
[-0.40457338]
[-0.41305292]
[-0.4077673]
[-0.40557849]
[0.598418]
[0.58943135]
[0.58943135]
[-0.40183532]
[0.57105756]
[-0.42476761]
[-0.41987938]
[-0.41458499]
[-0.40658134]
[-0.40390617]
[0.56379122]
[-0.40037626]
[0.58750594]
[-0.40742439]
[-0.42099285]
[-0.38832289]
[0.58256692]
[-0.41911]
[-0.40310204]
[0.58941936]
[-0.41829288]
[0.5680334]
[-0.4319666]
[-0.4177503]
[-0.40691495]
[-0.41161293]
[-0.4237414]
[-0.42978215]
[-0.41946089]
[-0.42945653]
[-0.40229899]
[-0.39463615]
[-0.41570938]
[0.56541246]
[-0.43458754]
[-0.40755755]
[-0.40888053]
[-0.42107815]
[-0.40618312]
[-0.41127574]
[-0.411488]
[-0.411488]
[-0.42042911]
[-0.41294324]
[0.58923453]
[-0.41195381]
[-0.4223488]
[-0.41976964]
[0.58023036]
[-0.43038261]
[-0.43118763]
[-0.43118763]
[0.58297676]
[0.59505284]
[-0.41091222]
[-0.42016888]
[-0.41861194]
[-0.41593736]
[0.59014785]
[-0.4337576]
[-0.42944646]
[-0.41131735]
[-0.41447896]
[-0.4059003]
[-0.41461778]
[0.57351863]
[-0.40956736]
[-0.4142983]
[0.60105526]
[-0.41149282]
[-0.42428654]
[0.58240902]
[-0.42555314]
[0.58813071]
[-0.41994125]
[-0.41284788]
[-0.42241061]
[0.5821318]
[-0.4049015]
[-0.40599555]
[-0.40492672]
[-0.41268599]
[0.58427197]
[-0.4063949]
[0.57823056]
[0.59514219]
[-0.41838342]
[-0.42339426]
[-0.39985245]
[-0.41973513]
[-0.41097993]
[-0.41694081]
[-0.42500705]
[-0.41036278]
[-0.40952152]
[-0.39611882]
[-0.41995114]
[-0.4217568]
[-0.42034435]
[-0.40710133]
[-0.40438724]
[0.58202559]
[0.59386647]
[0.58930808]
[0.56628102]
[0.58038747]
[0.60958952]
[-0.43477923]
[-0.41807389]
[0.558707]
[0.558707]
[0.558707]
[-0.41066784]
[-0.40263885]
[-0.43143046]
[0.57456207]
[-0.42357898]
[-0.4231934]
[-0.41983336]
[-0.41983336]
[-0.40680891]
[-0.42405283]
[-0.41681653]
[-0.4157207]
[-0.42472166]
[-0.42024744]
[-0.39018959]
[-0.4003765]
[0.57540822]
[-0.40736276]
[-0.38946342]
[-0.41021138]
[-0.39716238]
[-0.40619093]
[-0.42170233]
[-0.4037841]
[-0.39500779]
[-0.40525544]
[-0.40788466]
[0.57596362]
[-0.41131949]
[0.60137564]
[0.56243247]
[-0.40529329]
[-0.40726548]
[-0.41634047]
[-0.41634047]
[-0.41146678]
[0.59237748]
[-0.40762252]
[0.55955607]
[0.55955607]
[0.57821661]
[-0.42172998]
[-0.43767875]
[-0.42659789]
[0.56864411]
[0.57947534]
[-0.42233664]
[-0.41810626]
[0.5834142]
[-0.42750907]
[-0.41791898]
[0.57565516]
[-0.43071616]
[0.57123584]
[-0.4205184]
[-0.42359954]
[0.5806793]
[-0.40511364]
[-0.42353237]
[-0.44752824]
[-0.44752824]
[-0.40200758]
[-0.39036119]
[-0.40339667]
[0.567586]
[0.56880176]
[-0.42410499]
[0.57073158]
[-0.43124849]
[-0.40836954]
[0.59617072]
[-0.42162001]
[-0.43158585]
[-0.43158585]
[-0.41088587]
[-0.419967]
[0.5665713]
[-0.4209187]
[-0.42053175]
[-0.42375255]
[-0.43054521]
[-0.42512113]
[-0.41742855]
[-0.41118711]
[-0.4060896]
[-0.4060896]
[-0.4097181]
[-0.41946137]
[0.59511197]
[-0.43741989]
[-0.39309239]
[-0.40977275]
[-0.41201895]
[-0.38527399]
[-0.42757469]
[-0.42985743]
[-0.42496657]
[-0.42569262]
[-0.43045974]
[-0.43085444]
[-0.40184247]
[-0.42355812]
[-0.4186576]
[-0.42735398]
[0.58198833]
[-0.41208988]
[0.59363747]
[-0.4071523]
[-0.41621548]
[-0.41659856]
[-0.41254157]
[0.59637558]
[-0.42602748]
[-0.40366125]
[-0.41438055]
[-0.41744322]
[0.57823569]
[-0.43545663]
[-0.41838795]
[-0.42098576]
[-0.41555858]
[-0.4098441]
[-0.42784196]
[-0.42934275]
[0.56873608]
[-0.41165501]
[-0.42603409]
[-0.40214008]
[-0.42188555]
[0.57555896]
[-0.44162136]
[-0.44162136]
[-0.42500329]
[-0.41993546]
[-0.41993546]
[-0.42627907]
[-0.42951578]
[-0.39822739]
[-0.40715629]
[-0.41564769]
[-0.42366606]
[-0.43862438]
[-0.42679358]
[-0.41024137]
[-0.42156011]
[-0.42531109]
[-0.42423427]
[-0.41582763]
[-0.42261064]
[-0.41310179]
[-0.42442572]
[-0.41114509]
[-0.42686337]
[-0.40062821]
[-0.42509431]
[0.56682163]
[0.56303138]
[-0.41663563]
[-0.42774093]
[-0.42636055]
[-0.42157286]
[-0.41661847]
[0.57418501]
[-0.40959507]
[-0.4189266]
[-0.43007654]
[-0.42744517]
[-0.41026843]
[-0.43617535]
[-0.43757886]
[-0.42528743]
[0.56472999]
[-0.43527001]
[0.60834384]
[0.58846927]
[-0.40763384]
[-0.411991]
[0.58425486]
[0.56030637]
[-0.42466432]
[-0.42343771]
[-0.40230095]
[-0.40230095]
[0.56097096]
[-0.40635592]
[-0.42744404]
[-0.41371441]
[0.57844567]
[-0.41319692]
[-0.42168409]
[-0.43406779]
[-0.42845637]
[-0.42845637]
[-0.42839301]
[-0.41867197]
[-0.43286562]
[-0.43469733]
[-0.4121682]
[-0.42285949]
[0.56480128]
[-0.41303474]
[-0.43148386]
[-0.4174028]
[-0.43181092]
[-0.43181092]
[-0.42634153]
[-0.41971421]
[-0.41971421]
[-0.43291944]
[-0.43535703]
[-0.43320757]
[-0.40601617]
[-0.42662656]
[-0.43568307]
[-0.42093039]
[-0.41897392]
[-0.41927648]
[-0.42429036]
[-0.41836101]
[-0.42401946]
[0.58153445]
[0.58018684]
[0.58655524]
[-0.41344476]
[-0.41589278]
[-0.41161835]
[0.59630132]
[-0.42488408]
[0.56797796]
[-0.43202204]
[-0.42636442]
[-0.41207993]
[0.57131058]
[-0.4218173]
[-0.42279458]
[-0.42476386]
[-0.43301433]
[-0.43301433]
[-0.42571884]
[-0.42571884]
[-0.41849959]
[-0.41581744]
[0.56623375]
[-0.43155921]
[-0.41633457]
[-0.42073959]
[-0.4169656]
[-0.40241033]
[-0.41277534]
[-0.42396152]
[-0.41499525]
[-0.4256593]
[-0.40833187]
[0.56797749]
[-0.43900776]
[-0.4362666]
[-0.44602001]
[-0.42491406]
[-0.42430872]
[0.56271791]
[-0.41946077]
[-0.43049902]
[0.57072449]
[-0.42927551]
[-0.42971718]
[-0.42971718]
[-0.4259854]
[0.55177116]
[-0.42438185]
[-0.41793555]
[-0.43191409]
[0.55515122]
[0.55684352]
[-0.43970108]
[0.56267411]
[-0.43970108]
[0.55168688]
[-0.42651385]
[0.56467164]
[0.55293322]
[-0.43869781]
[-0.43137163]
[-0.44125867]
[-0.42519969]
[-0.43832409]
[0.55340916]
[0.56600404]
[-0.42943311]
[0.57574958]
[0.57017434]
[-0.42547572]
[-0.42666113]
[0.56187809]
[-0.42016864]
[-0.43978828]
[0.55955005]
[-0.43888777]
[0.56612867]
[-0.42733568]
[-0.42483568]
[0.56164604]
[-0.43500185]
[-0.41996616]
[-0.40076596]
[-0.42718792]
[-0.42084432]
[-0.41999674]
[0.56194395]
[0.57047063]
[-0.43602443]
[-0.42091089]
[-0.43956161]
[-0.43547028]
[-0.43828672]
[-0.43224239]
[-0.43224239]
[0.5796383]
[0.5796383]
[-0.4203617]
[0.5571757]
[-0.4428243]
[-0.42640698]
[0.56553394]
[0.5813995]
[-0.44015896]
[-0.42435902]
[-0.44799697]
[-0.42435902]
[-0.42734277]
[0.5527122]
[-0.42636257]
[-0.42074788]
[-0.43527579]
[-0.41985297]
[-0.43885577]
[-0.42343342]
[-0.42531317]
[-0.43294692]
[-0.42394167]
[-0.43269515]
[-0.43874449]
[-0.43698996]
[-0.44782495]
[0.59031123]
[-0.43001276]
[-0.43112367]
[-0.3996762]
[-0.42337632]
[-0.39946878]
[-0.44359994]
[-0.43337518]
[-0.43220317]
[-0.43157601]
[-0.41733831]
[0.55197173]
[-0.42786694]
[-0.4404605]
