[0.36851674]
[0.37449878]
[0.38758367]
[0.3763901]
[0.38172698]
[-0.62268871]
[0.38495284]
[0.37803507]
[0.38077354]
[-0.62272209]
[-0.62349308]
[0.38322449]
[0.37755543]
[0.36725712]
[-0.62136537]
[-0.62477452]
[0.38548011]
[-0.62364566]
[0.39157903]
[-0.61393869]
[-0.62485284]
[-0.60916239]
[0.38293231]
[0.37545168]
[0.37495404]
[0.36637878]
[-0.62423962]
[-0.62554508]
[-0.62531304]
[-0.62454832]
[-0.62531304]
[0.39063591]
[0.36541378]
[-0.61612505]
[0.38568854]
[0.39064622]
[-0.61697716]
[0.37349302]
[0.37481344]
[0.37664729]
[0.38423073]
[0.37714976]
[0.37731248]
[0.36659008]
[0.37425888]
[0.36541378]
[-0.62268752]
[0.37599248]
[0.38302284]
[0.38495284]
[-0.61977273]
[0.36688727]
[0.37368786]
[0.38568854]
[0.36663085]
[-0.62531304]
[-0.61808658]
[-0.62123394]
[0.37790424]
[0.37550002]
[-0.62268752]
[0.38051856]
[0.38014567]
[0.3763901]
[0.38514322]
[-0.62096244]
[0.3763901]
[0.38072854]
[0.37838507]
[0.38625556]
[0.37873906]
[0.3932026]
[-0.61983341]
[0.38568854]
[-0.61597186]
[-0.62358248]
[0.38459003]
[0.37703878]
[-0.61913455]
[0.37484688]
[-0.61431146]
[-0.61682582]
[0.39140499]
[-0.61451989]
[-0.62005973]
[0.38013613]
[0.37609625]
[0.37607312]
[0.38488263]
[0.37937963]
[0.36688727]
[-0.62531304]
[-0.62423962]
