[0.41238319]
[0.08029274]
[-0.28629811]
[0.43729097]
[-0.40493137]
[0.72489479]
[0.00717305]
[-0.13133256]
[0.64550262]
[0.11618577]
[0.44537423]
[0.38576466]
[0.06187081]
[0.10735862]
[0.37323987]
[0.24973973]
[0.44537423]
[0.39671352]
[-0.27535725]
[-0.1247016]
[0.39026001]
[0.39527298]
[0.02561086]
[0.00717305]
[0.06613721]
[-0.3236492]
[-0.25137964]
[0.41267928]
[-0.03870998]
[0.37898721]
[0.42112387]
[0.66415995]
[-0.0568348]
[-0.49215638]
[-0.42856599]
[0.06613721]
[0.41238319]
[-0.06878728]
[0.42079132]
[0.05096166]
[0.65538005]
[-0.01791892]
[0.22282883]
[0.59986279]
[0.40302695]
[-0.23311475]
[-0.15151046]
[0.07143099]
[-0.38272099]
[0.07143099]
[-0.37906072]
[-0.02654915]
[0.34304371]
[0.05318441]
[-0.07628081]
[-0.55609399]
[0.03482007]
[-0.67536944]
[0.39527298]
[-0.28033163]
[-0.29563556]
[-0.67163068]
[-0.50254875]
[0.07628636]
[0.07107353]
[0.01639286]
[0.05318441]
[-0.11830076]
[-0.25838443]
[0.42079132]
[0.07143099]
[-0.02502981]
[0.4091999]
[0.42112387]
[0.14076769]
[-0.35937829]
[0.40387549]
[0.64550262]
[-0.23311475]
[0.42909533]
[0.39527298]
[0.42909533]
[0.3067598]
[-0.12689523]
[0.06725383]
[0.42112387]
[-0.10446799]
[-0.50747229]
[0.01639286]
[-0.19791148]
[-0.070956]
[-0.56989604]
[-0.23974001]
[0.41523219]
[0.39527298]
[0.16644143]
[-0.2925048]
[0.06232581]
[0.43729097]
[-0.2773738]
[0.07107353]
[0.44537423]
[-0.0020416]
[0.24702769]
[-0.27655473]
[-0.19051339]
[0.40387549]
[-0.02566866]
[0.45334138]
[0.39026001]
[-0.61706679]
[-0.22702054]
[-0.74307341]
[0.42079132]
[0.45334138]
[0.64550262]
[-0.35628817]
[-0.15151046]
[-0.0020416]
[0.39026001]
[-0.08269016]
[-0.39856831]
[0.10735862]
[-0.0746536]
[0.08950625]
[0.44537423]
[0.39026001]
[0.41238319]
[0.19578189]
[-0.02298295]
[0.09846343]
[0.4091999]
[-0.32664393]
[-0.32664393]
[0.02728602]
[-0.28629811]
[-0.16360469]
[0.07143099]
[-0.32871622]
[0.42079132]
[0.06055481]
[0.63831791]
[0.08079982]
[0.41238319]
[-0.0020416]
[-0.07474992]
[0.07330624]
[-0.19794441]
[0.06232581]
[0.06232581]
[0.07353384]
[-0.02502981]
[0.42079132]
[0.64074345]
[0.05861227]
[-0.03870998]
[-0.59030354]
[-0.35983658]
[-0.59460276]
[-0.02803605]
[-0.30435681]
[-0.00823656]
[0.38668738]
[0.01093416]
[-0.10112128]
[0.42909533]
[0.06232581]
[0.43729097]
[0.05861227]
[0.40440921]
[0.07143099]
[-0.35151891]
[-0.63246835]
[-0.34054535]
[-0.07628081]
[-0.15151046]
[0.08049331]
[0.05318441]
[-0.11830076]
[-0.14902757]
[0.46118896]
[0.3881178]
[0.60041315]
[0.08049331]
[-0.09450579]
[-0.15954688]
[0.28096788]
[-0.01120149]
[0.03482007]
[-0.25257268]
[-0.37180339]
[0.14543291]
[0.12493901]
[0.43729097]
[0.53127678]
[0.29333962]
[-0.01124412]
[0.07353384]
[-0.35521606]
[0.44537423]
[0.42909533]
[0.35274922]
[-0.0204276]
[-0.30834803]
[0.10366002]
[0.02561086]
[0.01093416]
[0.54233705]
[-0.22393246]
[-0.37151578]
[-0.26826832]
[0.41238319]
[0.38116164]
[0.35124246]
[-0.16513122]
[-0.48696207]
[0.42909533]
[0.06232581]
[0.45334138]
[-0.19794441]
[0.3388255]
[0.46118896]
[0.42112387]
[-0.36074484]
[-0.22635139]
[0.06187081]
[0.0435737]
[0.04401356]
[0.07353384]
[-0.4208672]
[-0.12075148]
[0.08049331]
[-0.53586952]
[-0.2006207]
[-0.35135988]
[-0.22352748]
[0.25410856]
[-0.19185282]
[0.30054622]
[0.08049331]
[-0.13133256]
[-0.03870998]
[-0.13510981]
[0.01916434]
[-0.27655473]
[0.39026001]
[0.03482007]
[-0.42952036]
[0.42909533]
[0.10735862]
[0.08079982]
[0.41267928]
[0.08950625]
[0.44537423]
[0.46118896]
[0.46118896]
[0.42909533]
[-0.15151046]
[0.08950625]
[0.43729097]
[0.6311084]
[0.12994939]
[0.45334138]
[0.62354597]
[-0.02958515]
[-0.25838443]
[-0.34329284]
[0.10735862]
[-0.15151046]
[0.15113158]
[-0.32664393]
[0.08079982]
[0.35933073]
[0.12493901]
[0.44537423]
[-0.23974001]
[0.39671352]
[-0.63481134]
[0.39603416]
[0.01093416]
[0.01093416]
[0.12493901]
[-0.49749]
[-0.04779539]
[0.43729097]
[-0.14078738]
[-0.44003466]
[0.07143099]
[0.01916434]
[-0.47390916]
[-0.46059992]
[0.21390725]
[0.40387549]
[0.05318441]
[-0.26766565]
[0.07353384]
[-0.25116804]
[-0.39765808]
[0.05318441]
[0.4091999]
[0.11618577]
[-0.2949014]
[0.00717305]
[-0.59620007]
[-0.0058345]
[-0.18295524]
[0.03529523]
[0.02561086]
[-0.05825218]
[0.26352197]
[0.44537423]
[0.07143099]
[0.03546535]
[0.41238319]
[-0.41121139]
[0.10735862]
[0.42234109]
[0.41523219]
[-0.13802112]
[-0.0372802]
[0.08125414]
[-0.19437512]
[-0.36262284]
[0.01639286]
[-0.01124412]
[-0.26860816]
[-0.34709971]
[-0.25877891]
[0.0410417]
[-0.27733701]
[0.42079132]
[0.06232581]
[-0.18295524]
[-0.25877891]
[-0.23484577]
[-0.40358855]
[0.30761099]
[0.00717305]
[-0.53586952]
[-0.07474992]
[-0.38645398]
[-0.15151046]
[-0.49984923]
[0.42909533]
[0.05861227]
[-0.02803605]
[-0.0020416]
[-0.0020416]
[-0.58253075]
[-0.28806908]
[0.08950625]
[-0.5971087]
[0.40387549]
[0.07143099]
[0.10735862]
[0.42909533]
[0.42112387]
[-0.24086668]
[0.03529523]
[0.40302695]
[0.26504722]
[0.60513723]
[-0.0020416]
[0.42079132]
[-0.21292754]
[0.35521105]
[0.43729097]
[-0.0020416]
[0.04514755]
[-0.09240556]
[0.13361268]
[0.07353384]
[0.10735862]
[-0.08361318]
[-0.32664393]
[0.42079132]
[-0.06425303]
[0.41523219]
[0.02561086]
[0.42112387]
[-0.21971066]
[0.37573058]
[0.11618577]
[0.43729097]
[0.42079132]
[-0.04554573]
[-0.15151046]
[-0.0020416]
[-0.31785849]
[0.08935323]
[0.44537423]
[-0.47455312]
[0.08079982]
[0.08950625]
[-0.17111874]
[0.17566091]
[0.06232581]
[-0.30965901]
[-0.3641366]
[0.365148]
[0.08950625]
[-0.14902757]
[0.00627849]
[-0.17525658]
[0.12493901]
[-0.2052458]
[0.4091999]
[-0.28629811]
[0.27971227]
[0.42079132]
[0.44537423]
[-0.055912]
[-0.16829511]
[0.22199712]
[0.42112387]
[0.72713645]
[0.36846541]
[-0.41015261]
[0.65318474]
[-0.02958515]
[0.42909533]
[-0.28629811]
[-0.5086636]
[0.11618577]
[-0.12901826]
[0.10735862]
[0.42079132]
[0.08079982]
[-0.07101215]
[-0.08755318]
[-0.1433634]
[0.07143099]
[-0.0020416]
[-0.11830076]
[0.08049331]
[0.44537423]
[-0.27787407]
[0.08950625]
[-0.43267726]
[0.36190762]
[0.05096166]
[-0.41207162]
[0.25601123]
[-0.25838443]
[-0.53343891]
[-0.1433634]
[0.04318825]
[-0.05408611]
[0.10366002]
[0.00717305]
[0.42909533]
[0.07143099]
[-0.15954688]
[0.10735862]
[0.10735862]
[0.32706151]
[0.08950625]
[0.27100858]
[-0.2052458]
[-0.20930928]
[-0.52334911]
[-0.33531655]
[-0.1433634]
[-0.12675406]
[-0.1433634]
[0.43729097]
[-0.070956]
[0.42909533]
[0.05096166]
[-0.15151046]
[0.46118896]
[-0.04047034]
[-0.27116981]
[-0.21241536]
[-0.34225649]
[-0.16746882]
[-0.21241536]
[0.41238319]
[-0.51226202]
[0.05318441]
[0.12493901]
[0.40387549]
[0.08950625]
[-0.40609905]
[-0.25137964]
[0.12493901]
[0.13361268]
[0.09846343]
[0.01639286]
[-0.46423898]
[0.40302695]
[0.41238319]
[0.15725388]
[0.0400571]
[0.41238319]
[-0.38152244]
[0.36154746]
[-0.20215159]
[-0.0058345]
[-0.02958515]
[0.05318441]
[-0.15151046]
[-0.21401429]
[0.64550262]
[0.04401356]
[-0.30965901]
[0.06613721]
[0.63388664]
[0.03529523]
[0.03482007]
[0.17566091]
[-0.2769725]
[0.42079132]
[0.11618577]
[0.03482007]
[0.39527298]
[-0.0058345]
[0.24051332]
[-0.15151046]
[0.42079132]
[0.43729097]
[-0.35937829]
[0.05626841]
[0.42909533]
[0.12493901]
[0.10735862]
[0.41238319]
[-0.60181604]
[0.41238319]
[0.09846343]
[0.6604122]
[0.06613721]
[0.07143099]
[-0.13133256]
[0.41238319]
[0.35274922]
[0.09846343]
[-0.31819915]
[0.46118896]
[0.02561086]
[0.48628814]
[-0.29307147]
[0.08952147]
[0.08079982]
[0.45334138]
[-0.35551595]
[0.14810498]
[0.06232581]
[0.10735862]
[-0.47012982]
[0.16644143]
[-0.41356404]
[0.43729097]
[0.07353384]
[0.10735862]
[0.10735862]
[0.39527298]
[0.09846343]
[-0.32664393]
[-0.12675406]
[-0.0058345]
[0.42909533]
[-0.24913564]
[-0.38400676]
[-0.58548356]
[0.63099841]
[0.13771976]
[-0.10367554]
[0.05318441]
[-0.43507347]
[0.45334138]
[0.13361268]
[-0.2554916]
[0.11618577]
[-0.34662099]
[0.02335197]
[-0.19051339]
[0.22199712]
[0.40387549]
[0.06187081]
[-0.16829511]
[0.12493901]
[0.04401356]
[0.29748942]
[0.42079132]
[-0.39856831]
[0.44537423]
[0.38116164]
[-0.08361318]
[-0.37906072]
[0.10735862]
[0.36078853]
[0.02376719]
[0.41523219]
[-0.24306021]
[-0.61165933]
[0.18490553]
[0.39026001]
[-0.30587075]
[-0.36501764]
[-0.2052458]
[0.44537423]
[-0.30339193]
[-0.04944996]
[0.01639286]
[-0.21292754]
[0.42112387]
[0.63515914]
[0.03482007]
[0.63860031]
[0.08950625]
[-0.04047034]
[0.45334138]
[0.11618577]
[-0.23311475]
[0.10735862]
[0.12994939]
[0.43729097]
[0.39603416]
[-0.27370199]
[0.3343003]
[0.45334138]
[-0.00246756]
[0.24973973]
[0.39603416]
[0.39026001]
[0.04401356]
[-0.07474992]
[-0.04649132]
[-0.3236492]
[0.07143099]
[-0.33498859]
[-0.06582175]
[0.09846343]
[0.62354597]
[0.5190261]
[-0.28351744]
[-0.2769725]
[-0.54295013]
[-0.29231282]
[-0.33936581]
[-0.24913564]
[-0.45802968]
[0.07143099]
[0.11618577]
[0.62348614]
[0.42909533]
[0.46118896]
[-0.34322865]
[-0.76794999]
[0.12493901]
[0.63831791]
[-0.38359349]
[-0.30965901]
[-0.22635139]
[-0.50621727]
[0.42909533]
[-0.05825218]
[0.41238319]
[-0.07628081]
[0.32335883]
[0.44537423]
[-0.50330011]
[-0.55670063]
[-0.54218157]
[-0.08336829]
[0.03482007]
[-0.60354523]
[0.07143099]
[0.06232581]
[-0.24070907]
[-0.09450579]
[-0.61779323]
[0.39527298]
[0.00717305]
[-0.08755318]
[0.4091999]
[-0.5086636]
[-0.30834803]
[0.61573595]
[-0.49062515]
[-0.37906072]
[-0.26766565]
[-0.19185282]
[-0.56994831]
[0.08049331]
[0.18490553]
[0.65021257]
[0.03529523]
[-0.24122996]
[0.45334138]
[-0.13791163]
[-0.52875186]
[-0.26766565]
[0.02561086]
[-0.17339675]
[-0.22635139]
[0.01093416]
[-0.67204828]
[0.41392966]
[0.05318441]
[0.12994614]
[0.06232581]
[-0.58863709]
[0.6633687]
[0.88132093]
[0.5818749]
[0.60541392]
[0.62557026]
[-0.3946742]
[0.53562923]
[0.70811365]
[0.053953]
[0.12761434]
[0.48908473]
[0.53562923]
[0.09170151]
[0.52233569]
[0.79503414]
[0.14525675]
[0.49749672]
[-0.18689805]
[0.33171165]
[0.57110665]
[0.30368066]
[0.06800864]
[0.55260723]
[-0.19431964]
[-0.08317367]
[0.61081717]
[0.26889697]
[0.76566692]
[0.46018938]
[0.33968291]
[0.21482808]
[0.27302757]
[0.54118468]
[0.03565669]
[0.19460634]
[-0.05759723]
[0.34905721]
[0.63401909]
[0.08109686]
[0.36864309]
[0.41060352]
[0.20301183]
[0.55260723]
[0.54118468]
[0.12160949]
[-0.04240361]
[0.88997858]
[0.0906351]
[0.57245283]
[0.24142001]
[0.18724037]
[0.2502856]
[-0.00671632]
[-0.12414361]
[0.77748107]
[-0.02670763]
[0.62226856]
[0.01430728]
[0.88359845]
[0.76910296]
[0.57110665]
[0.49537027]
[0.2027234]
[0.79902669]
[0.42267889]
[0.23166781]
[0.38742933]
[0.75922343]
[-0.117626]
[0.12160949]
[0.75766341]
[0.14406558]
[-0.20349731]
[0.12191287]
[0.29255076]
[0.26889697]
[0.76566692]
[0.49537027]
[0.30688711]
[0.38151364]
[0.05413786]
[0.41834387]
[0.85218577]
[0.36452352]
[0.24277824]
[0.14685851]
[0.71425564]
[0.0906351]
[0.38832842]
[0.86371008]
[-0.23123551]
[0.42430585]
[0.45352092]
[0.45681272]
[0.54118468]
[-0.47446715]
[0.23637632]
[0.57569908]
[0.43264117]
[0.07209776]
[0.19104733]
[0.57811263]
[0.16274067]
[0.20909337]
[0.57446479]
[0.78712189]
[0.63744526]
[0.78712189]
[0.5818749]
[0.53752366]
[0.26889697]
[-0.03839998]
[0.11079403]
[0.52168745]
[0.49171073]
[0.35676713]
[0.29200803]
[0.35061825]
[0.74486377]
[0.27302757]
[0.64597931]
[0.10931642]
[-0.23123551]
[0.62557026]
[-0.15699778]
[0.65074641]
[0.35103863]
[0.78973471]
[-0.04708222]
[0.62696176]
[0.5761326]
[0.74845127]
[0.03363272]
[0.47800086]
[0.88997858]
[0.7072332]
[0.20321847]
[0.60233417]
[0.3647916]
[0.24734016]
[0.77497653]
[0.53374555]
[0.25110348]
[0.25773794]
[0.70800715]
[0.52736031]
[0.59309593]
[0.5124817]
[0.45936661]
[0.15880598]
[0.70501322]
[-0.04900034]
[-0.03472953]
[0.4175777]
[0.36917261]
[0.28956613]
[0.44599795]
[-0.12145388]
[0.76566692]
[-0.01391352]
[0.00047703]
[0.28340452]
[0.27468124]
[0.53374555]
[-0.19431964]
[0.08252601]
[-0.26844311]
[0.61122136]
[0.13800398]
[0.54436972]
[0.54473078]
[0.77335627]
[0.27302757]
[0.09596394]
[0.26889697]
[0.51302548]
[0.19081699]
[0.35445665]
[0.26615413]
[0.30368066]
[-0.17996028]
[0.88792516]
[0.72518692]
[0.35676713]
[-0.40902572]
[0.78668861]
[-0.0653814]
[0.24209873]
[0.19143105]
[0.14692384]
[0.74845127]
[-0.03103815]
[0.01414469]
[0.10772542]
[0.87083474]
[0.77845896]
[0.86371008]
[0.11656323]
[-0.10604563]
[0.76171632]
[0.0397268]
[0.48908473]
[0.35261988]
[0.55235624]
[-0.24848444]
[0.11251881]
[0.36940315]
[0.88359845]
[0.67634762]
[0.26464109]
[0.33123844]
[0.77784896]
[-0.05806251]
[-0.20675152]
[-0.09769276]
[0.26025807]
[-0.001173]
[0.27281131]
[0.88997858]
[0.30688711]
[0.32462309]
[-0.13169512]
[-0.11906605]
[0.03667395]
[0.22773483]
[0.12191287]
[0.70308187]
[0.67137675]
[0.3983019]
[0.07430865]
[-0.25913809]
[-0.19169839]
[-0.22712309]
[0.32266984]
[0.32898625]
[0.63227187]
[0.14533208]
[0.77490055]
[-0.06393352]
[0.41762927]
[0.29255076]
[0.23637632]
[0.77335627]
[-0.29845761]
[0.45140252]
[0.29645008]
[-0.22013007]
[0.79503414]
[0.55715635]
[-0.39979145]
[0.26025807]
[0.19993576]
[-0.06302749]
[0.27416594]
[0.64048747]
[0.6021728]
[-0.06522954]
[0.26615413]
[0.53752366]
[0.52246324]
[-0.01038937]
[0.57110665]
[0.74486377]
[0.74116323]
[0.31756532]
[0.60696586]
[0.74845127]
[-0.19928819]
[0.51742007]
[0.35061825]
[0.19993576]
[0.49537027]
[-0.51626706]
[0.01429448]
[0.60675162]
[0.10197765]
[-0.30581639]
[-0.03499944]
[0.3360113]
[0.58700772]
[0.34808807]
[0.26716504]
[0.24632861]
[0.56035757]
[-0.06261505]
[0.05314717]
[0.48393098]
[0.08109686]
[0.52984819]
[0.65988908]
[0.17173981]
[0.58836996]
[0.24632718]
[0.14753385]
[0.54118468]
[0.44054252]
[-0.19169839]
[0.58480911]
[0.00804676]
[0.2765135]
[0.14184739]
[0.3014926]
[0.77845896]
[-0.32869352]
[0.77223008]
[0.58836996]
[0.26464109]
[0.80575852]
[0.07209776]
[0.27302757]
[0.65538243]
[0.87423643]
[-0.06522954]
[0.60690966]
[-0.34196499]
[-0.0434773]
[0.09240836]
[0.26206612]
[0.64550948]
[0.73341419]
[0.44365465]
[0.70811365]
[0.57006348]
[0.68718578]
[0.1164587]
[0.21004891]
[-0.05617805]
[0.18298645]
[0.42633199]
[-0.52909445]
[-0.1880933]
[0.27302757]
[0.5818749]
[0.50388724]
[0.58240849]
[0.76566692]
[0.43008863]
[0.50488027]
[-0.32383191]
[0.28077826]
[0.29255076]
[0.22042304]
[0.74289019]
[0.35022577]
[-0.60391351]
[0.77384556]
[0.37437047]
[-0.45261769]
[-0.17610664]
[0.78712189]
[0.221859]
[0.77490055]
[-0.19181468]
[-0.08549544]
[0.57105727]
[0.54118468]
[0.57730973]
[0.88132093]
[0.34681378]
[-0.19450021]
[-0.55499298]
[0.65538243]
[0.56763757]
[-0.03095385]
[0.77223008]
[0.68841863]
[0.16697718]
[0.28916751]
[-0.34196499]
[0.55049302]
[0.07430865]
[0.52168745]
[0.26889697]
[0.2557461]
[0.72633098]
[0.05058702]
[0.22691076]
[0.28092084]
[0.40370958]
[0.317778]
[-0.02709119]
[0.55654226]
[0.77363658]
[0.71646502]
[0.55654226]
[0.72633098]
[0.54473078]
[0.75529621]
[0.11002125]
[0.06304764]
[-0.01276196]
[0.20015605]
[-0.29845761]
[0.28094956]
[-0.35094062]
[0.62012642]
[0.87083474]
[0.26490226]
[0.053953]
[0.88132093]
[0.27703485]
[0.59987213]
[0.22810234]
[0.28077826]
[0.02928435]
[0.59832828]
[0.77845896]
[-0.01795923]
[0.75855821]
[-0.27171621]
[0.88997858]
[0.73784664]
[0.32898625]
[0.57245283]
[0.1414329]
[0.30688711]
[-0.0293597]
[0.61081717]
[0.12056321]
[0.87083474]
[0.53765052]
[0.29687694]
[0.77384556]
[0.75529621]
[-0.31421552]
[0.38995861]
[0.37872037]
[-0.02058762]
[0.86732673]
[0.56193726]
[0.2557461]
[0.49171073]
[0.23068356]
[0.85614184]
[0.12516092]
[0.24142001]
[0.15052921]
[0.46861416]
[0.04536561]
[0.4838926]
[-0.10789507]
[0.17240868]
[0.78162259]
[0.26464109]
[1.31350007e-05]
[0.26490226]
[-0.45177438]
[0.13394883]
[0.61081717]
[-0.03103815]
[0.12511099]
[1.31350007e-05]
[-0.08104432]
[0.76171632]
[0.29643183]
[0.64681533]
[0.40595102]
[0.34302349]
[0.11355924]
[-0.10960002]
[0.77845896]
[0.55148717]
[-0.42075]
[0.62121207]
[0.578839]
[0.09863192]
[-0.00938819]
[0.40378856]
[0.0516612]
[0.74486377]
[-0.0195948]
[0.21357267]
[0.19072084]
[0.31090206]
[0.38930236]
[0.57446479]
[-0.52909445]
[0.62557026]
[0.77006848]
[-0.001173]
[0.523075]
[-0.30549858]
[-0.14368108]
[0.15817472]
[0.56405528]
[0.44015521]
[0.01851432]
[0.55654226]
[0.46075436]
[-0.01358364]
[-0.32383191]
[0.11427413]
[0.52736031]
[0.06430219]
[0.20918096]
