[0.69408232]
[0.91302088]
[0.60701329]
[0.33545501]
[0.72562733]
[0.62181954]
[0.49964685]
[0.47437848]
[0.37884799]
[0.91302088]
[0.40232659]
[0.72656332]
[0.8499986]
[0.72716069]
[0.38952298]
[0.69642559]
[0.6700482]
[0.84199323]
[0.2211771]
[-0.22643263]
[0.55871023]
[0.37884799]
[0.66651028]
[0.91738567]
[0.33371476]
[0.57294714]
[0.48595316]
[0.16069411]
[0.30669958]
[-0.07363716]
[0.03277779]
[0.50656368]
[0.68733241]
[-0.21122325]
[-0.2686863]
[0.53709865]
[0.36074159]
[0.14958418]
[0.9368424]
[0.53709865]
[0.75192646]
[0.18552428]
[-0.11982947]
[-0.21122325]
[0.63991535]
[0.4823388]
[0.24658159]
[0.3306219]
[0.67260167]
[-0.25617292]
[0.08989375]
[0.06553443]
[0.06553443]
[0.4203907]
[0.42958327]
[0.5953152]
[0.20381452]
[0.67147204]
[0.53709865]
[0.29264454]
[0.33621735]
[0.46070241]
[0.46070241]
[0.46070241]
[0.17771206]
[0.27453301]
[-0.16573226]
[0.81563293]
[0.81563293]
[0.36074159]
[0.40244557]
[0.40244557]
[0.40244557]
[0.78509281]
[-0.05790402]
[0.72562733]
[0.72562733]
[-0.19282663]
[0.76375936]
[0.72562733]
[0.06553443]
[0.90252063]
[0.85775427]
[0.37884799]
[0.72562733]
[0.11175333]
[0.18552428]
[0.20381452]
[0.63948352]
[0.15769773]
[0.8499986]
[0.78509281]
[0.78509281]
[-0.07363716]
[0.75139819]
[0.60709959]
[-0.15883884]
[-0.42987521]
[-0.14177932]
[-0.12424221]
[0.01350071]
[-0.01645098]
[-0.01109299]
[-0.6228763]
[0.43449435]
[0.72661481]
[-0.79126395]
[-0.84210819]
[-0.61029384]
[-0.06333406]
[0.56841746]
[0.52666832]
[-0.26209759]
[-0.66527073]
[0.71981673]
[0.71981673]
[0.71981673]
[-0.64456841]
[-0.52828998]
[-0.52828998]
[0.46139743]
[0.05125402]
[0.56202451]
[-0.31097806]
[-0.00962478]
[-0.68525843]
[0.35092391]
[-0.29052751]
[0.66157152]
[-0.28587228]
[-0.63871484]
[-0.59046864]
[-0.42363178]
[-0.45660097]
[-0.35898475]
[-0.61932491]
[0.03141714]
[-0.32558275]
[-0.29332153]
[0.20692853]
[0.81555469]
[0.44517614]
[-0.08761482]
[0.32650041]
[0.23386044]
[0.14596171]
[0.39359418]
[-0.82998003]
[0.81975112]
[0.81975112]
[0.07004877]
[0.11680769]
[0.08134652]
[0.07519236]
[-0.07753969]
[0.76034037]
[0.76034037]
[0.8961203]
[-0.40130502]
[-0.12485709]
[-0.30319615]
[0.29591628]
[-0.33895181]
[0.06940751]
[0.02085158]
[-0.58533334]
[-0.11105475]
[-0.07108993]
[0.26691852]
[-0.29464505]
[-0.85166989]
[-0.66125936]
[0.56037594]
[0.02088502]
[0.59355742]
[-0.16874462]
[-0.10775347]
[-0.86961263]
[-0.2675004]
[0.44099444]
[-0.38210568]
[-0.00126183]
[0.13007941]
[-0.38933439]
[-0.12649636]
[0.20807858]
[0.29279415]
[0.07478462]
[-0.15679568]
[-0.83750042]
[0.1259126]
[0.36654933]
[-0.64629025]
[0.31057721]
[0.77900944]
[-0.64493556]
[-0.04344012]
[-0.00592807]
[-0.28318786]
[-0.20257311]
[-0.27976155]
[0.70145391]
[0.34334659]
[-0.59738526]
[0.19251544]
[0.15137719]
[0.2064371]
[-0.75805165]
[-0.6138962]
[-0.77357434]
[0.69815105]
[0.1859361]
[-0.0241749]
[0.42036229]
[-0.13861556]
[-0.01173491]
[-0.0937007]
[-0.45065363]
[0.3331359]
[-0.53121021]
[0.29826537]
[0.28884459]
[-0.84021281]
[-0.12629235]
[-0.31848957]
[-0.06154111]
[0.3123237]
[0.38546223]
[0.23035267]
[-0.82686074]
[-0.29287292]
[0.34304236]
[0.12886806]
[-0.33144363]
[0.405487]
[-0.22702675]
[-0.43625427]
[-0.1533403]
[-0.60118148]
[-0.67746148]
[0.22663861]
[-0.15523259]
[-0.33989096]
[-0.41969202]
[0.76695304]
[0.81740592]
[-0.27862987]
[-0.01723935]
[-0.77234027]
[0.96679996]
[-0.76943106]
[-0.15613846]
[0.4337718]
[0.28331219]
[0.34406697]
[0.27195165]
[-0.45779353]
[0.50102468]
[-0.23211022]
[-0.38676228]
[-0.23148767]
[-0.73586652]
[0.17567175]
[-0.15757367]
[-0.9089118]
[-0.03805039]
[-0.51749218]
[-0.01518339]
[-0.60603048]
[0.21607492]
[-0.18048532]
[-0.83071279]
[-0.28371654]
[-0.71531482]
[-0.29139869]
[-0.1725944]
[-0.44937942]
[0.13229058]
[0.21820074]
[-0.28840943]
[-0.73573705]
[0.50971784]
[-0.77333611]
[-0.78311956]
[-0.14180226]
[-0.70387611]
[0.48817427]
[0.1648956]
[-0.76614915]
[-0.8102519]
[-0.76142196]
[-0.70430534]
[-0.84099167]
[0.16384855]
[0.70192906]
[-0.18454075]
[0.2673685]
[-0.11722198]
[-0.03155784]
[-0.78204977]
[0.41246694]
[-0.57715647]
[-0.28388293]
[0.01002448]
[-0.73532794]
[-0.28026242]
[-0.22882638]
[-0.45821876]
[0.56378416]
[-0.852817]
[-0.4162792]
[-0.64215342]
[-0.75940531]
[0.38772459]
[0.36509602]
[-0.53297832]
[-0.03486504]
[-0.70641658]
[0.7566799]
[-0.83356102]
[-0.81813049]
[-0.1551443]
[-0.43912986]
[-0.65855799]
[0.20866376]
[-0.14535753]
[-0.51291655]
[-0.84556904]
[0.04229539]
[-0.13456555]
[0.21329994]
[-0.53037402]
[-0.2424844]
[-0.06250943]
[0.50753338]
[-0.56031567]
[0.42315327]
[-0.59036112]
[0.40586915]
[-0.2243914]
[0.50627208]
[0.50515872]
[-0.75309731]
[-0.34147483]
[-0.5850602]
[0.73738922]
[-0.76921624]
[0.61581766]
[-0.6669098]
[-0.70060431]
[0.68342781]
[0.19454588]
[0.4458317]
[-0.33679571]
[-0.58720162]
[-0.41425578]
[-0.6996319]
[0.078744]
[-0.69217146]
[-0.31778264]
[-0.38416403]
[-0.50376521]
[-0.74675123]
[-0.06551685]
[0.31190325]
[0.44977716]
[-0.00658057]
[0.09486884]
[-0.86321841]
[-0.5160942]
[0.38424179]
[0.47895812]
[-0.68340484]
[-0.48432994]
[-0.6576963]
[-0.15836412]
[0.34999715]
[0.54989823]
[-0.0179788]
[0.80975654]
[-0.53754524]
[0.62527824]
[0.42571966]
[0.46080181]
[0.29008751]
[0.68493465]
[-0.79341287]
[0.13318152]
[-0.79911169]
[-0.72884642]
[-0.53365989]
[-0.59430463]
[-0.62081508]
[-0.62081508]
[-0.11565683]
[-0.71122126]
[-0.56135657]
[-0.7837274]
[-0.7107223]
[-0.29088746]
[-0.7107223]
[-0.06351156]
[-0.81087954]
[-0.16489793]
[-0.10758338]
[-0.40180365]
[0.74747132]
[-0.73798421]
[-0.01116099]
[0.41221401]
[0.31252814]
[0.00019881]
[0.15835799]
[0.10787694]
[-0.56071228]
[-0.82038024]
[-0.27680213]
[-0.67838951]
[-0.47128825]
[-0.74376778]
[0.32468473]
[0.35950401]
[-0.60750121]
[-0.28949104]
[-0.51481132]
[0.82477013]
[-0.79274957]
[-0.29770397]
[-0.23956789]
[0.93418199]
[-0.38448344]
[0.21973166]
[0.31433917]
[-0.70677551]
[-0.58736311]
[-0.33994034]
[-0.33994034]
[0.57163061]
[0.42002423]
[-0.02579243]
[-0.8427896]
[-0.32357491]
[-0.51092405]
[-0.69620167]
[-0.66399259]
[-0.32934426]
[-0.75703568]
[-0.75112694]
[0.06395144]
[-0.67879233]
[0.11743739]
[-0.84925655]
[-0.06129055]
[-0.79641403]
[-0.73192703]
[0.16549471]
[-0.17602644]
[-0.61393554]
[-0.31626558]
[0.42951605]
[-0.85704555]
[-0.20259166]
[-0.68853863]
[-0.30094731]
[0.50692001]
[0.14721848]
[0.59954448]
[-0.42870245]
[-0.68243349]
[0.34908835]
[0.11610144]
[-0.4149439]
[0.75963827]
[0.98491989]
[0.86439312]
[-0.29071152]
[0.05704008]
[-0.48821684]
[-0.53223424]
[0.23447495]
[0.05291476]
[-0.74946058]
[-0.62800259]
[-0.50434675]
[0.13734983]
[-0.48035034]
[-0.79258168]
[-0.15418267]
[-0.77219151]
[0.59070425]
[-0.49131499]
[0.38582432]
[0.38582432]
[-0.06756364]
[0.61534049]
[-0.21953406]
[-0.3639445]
[0.67252397]
[-0.60896592]
[-0.84174915]
[-0.46163361]
[-0.82914638]
[-0.43602326]
[-0.67675757]
[-0.74943684]
[-0.50593293]
[0.25436265]
[-0.14379704]
[-0.64915834]
[-0.82171543]
[-0.3952195]
[-0.78951838]
[0.15485782]
[-0.37507496]
[0.18700334]
[-0.80848349]
[0.23432361]
[0.41203963]
[-0.18891894]
[0.08640074]
[-0.1675743]
[-0.03581178]
[0.14040574]
[0.09680646]
[-0.70996824]
[-0.66697618]
[0.11465213]
[-0.82672778]
[-0.65187845]
[-0.75364776]
[-0.84890985]
[-0.39035389]
[-0.81628832]
[-0.80050914]
[0.41879571]
[-0.4890984]
[-0.53099913]
[-0.5283309]
[-0.87089268]
[-0.22462344]
[-0.5125609]
[-0.65119602]
[0.7846786]
[-0.3593341]
[-0.67670439]
[0.49934214]
[0.49934214]
[-0.52755316]
[-0.74067973]
[0.61668546]
[0.66726584]
[-0.82602877]
[-0.06063445]
[0.16606905]
[-0.74539373]
[-0.18725126]
[0.89626082]
[-0.75098744]
[-0.08116604]
[0.00358474]
[0.58642127]
[0.56902034]
[0.24015119]
[-0.20962532]
[-0.06547201]
[-0.06547201]
[0.63506124]
[-0.45521682]
[-0.47792257]
[-0.63949635]
[-0.0696687]
[0.82559226]
[-0.68427353]
[-0.11027574]
[-0.25374995]
[0.10410072]
[0.98071597]
[-0.68862055]
[-0.46434699]
[-0.0348698]
[-0.0348698]
[-0.17420598]
[-0.75359952]
[0.12932999]
[-0.30652426]
[-0.00469742]
[0.41364744]
[-0.77301632]
[-0.30354172]
[-0.19864541]
[-0.71420868]
[-0.44859476]
[-0.14315037]
[-0.44844143]
[-0.07533794]
[-0.36604822]
[-0.11176755]
[-0.24215144]
[-0.10821175]
[-0.83235191]
[-0.4312331]
[-0.39568849]
[0.37697248]
[0.37697248]
[0.94805559]
[0.48342038]
[-0.50837559]
[-0.62817271]
[-0.74658013]
[-0.38038957]
[-0.22302447]
[-0.79857413]
[-0.82838302]
[-0.07143226]
[-0.00696718]
[0.1411305]
[0.03052947]
[0.44523553]
[-0.64559966]
[-0.5181095]
[-0.55273012]
[0.45278919]
[-0.43624865]
[-0.84324427]
[-0.42977785]
[0.35188155]
[-0.8364678]
[-0.61067628]
[-0.78804732]
[-0.13187436]
[0.14980449]
[-0.57794794]
[-0.40845359]
[-0.36617013]
[-0.49823128]
[-0.69391417]
[0.08089473]
[-0.14699624]
[-0.69652068]
[-0.49286992]
[0.42743011]
[-0.13774638]
[0.11338513]
[0.05511107]
[-0.24382886]
[0.46593336]
[0.62360554]
[-0.35981462]
[-0.63848483]
[-0.71994166]
[-0.44632337]
[-0.8208067]
[-0.18986204]
[-0.07030733]
[-0.51931995]
[-0.40402116]
[-0.11657533]
[0.55952246]
[-0.04607015]
[0.13354694]
[-0.8210434]
[-0.58360309]
[-0.77389015]
[0.40489179]
[-0.44992112]
[-0.07228707]
[-0.68837119]
[-0.58865421]
[-0.59899273]
[0.20044534]
[0.40859174]
[-0.63719041]
[-0.56873776]
[-0.35832553]
[-0.32905321]
[-0.51280055]
[-0.75356619]
[-0.08094444]
[-0.784194]
[-0.52937391]
[0.01489237]
[-0.72543005]
[0.8160466]
[0.47344412]
[-0.83617262]
[-0.16278129]
[0.33065627]
[0.58577204]
[-0.14914051]
[-0.70177099]
[-0.44279147]
[-0.39548733]
[-0.04938128]
[0.87541404]
[-0.881803]
[-0.46207786]
[-0.36387984]
[-0.76950431]
[-0.77094639]
[-0.08228227]
[0.1351579]
[-0.81694782]
[0.7444785]
[-0.77492495]
[-0.8022908]
[0.24654758]
[-0.50651631]
[-0.13650155]
[-0.13650155]
[-0.14089538]
[-0.77725475]
[0.17129723]
[0.02225354]
[-0.56961531]
[-0.54421391]
[-0.52869586]
[-0.52830448]
[0.55797196]
[-0.32978223]
[-0.37785897]
[0.48953506]
[0.20158882]
[-0.36531172]
[-0.02411355]
[-0.68882974]
[-0.37138075]
[-0.40114758]
[-0.09890404]
[-0.25731864]
[-0.83238342]
[-0.49910614]
[0.63530986]
[0.8651774]
[0.31537527]
[0.52708634]
[-0.13103479]
[-0.55112539]
[-0.32174775]
[-0.62213854]
[0.60467874]
[0.60467874]
[0.24808142]
[-0.71169118]
[-0.66814419]
[0.49765913]
[0.02374502]
[0.54501798]
[-0.67380033]
[0.05794487]
[-0.23657329]
[-0.76146401]
[-0.76568799]
[0.42326215]
[0.02715048]
[0.02788723]
[-0.61673928]
[-0.10976151]
[-0.25051224]
[-0.04210343]
[0.26600138]
[-0.31049369]
[-0.54892734]
[-0.7934038]
[-0.59102757]
[-0.22939252]
[-0.39643498]
[-0.4427602]
[-0.40457143]
[-0.66329727]
[-0.66961268]
[-0.29647649]
[0.18364246]
[0.77720946]
[-0.74640682]
[-0.74640682]
[-0.71782897]
[-0.3925569]
[0.77759793]
[0.63842277]
[0.95398706]
[-0.26023182]
[0.47911126]
[0.22760906]
[0.15567683]
[0.45577133]
[0.64555899]
[-0.10224564]
[-0.86809717]
[-0.28193632]
[0.54623663]
[-0.11598638]
[-0.30662836]
[-0.3380149]
[-0.18970655]
[-0.43585051]
[-0.68256366]
[0.13544581]
[0.38099388]
[-0.19716663]
[0.00895296]
[-0.33401159]
[-0.80282642]
[0.07305225]
[-0.78128558]
[-0.01276306]
[-0.20801589]
[-0.67592536]
[-0.36841776]
[-0.84302812]
[0.75542244]
[0.05959896]
[-0.13107677]
[0.17266017]
[-0.38200331]
[-0.07106104]
[-0.80890215]
[0.54403756]
[-0.72046976]
[-0.79249066]
[-0.59926958]
[-0.02554037]
[-0.02554037]
[-0.56371963]
[-0.7931313]
[-0.7339224]
[-0.2475269]
[-0.59926958]
[0.86146117]
[-0.52628458]
[-0.03120337]
[-0.03120337]
[0.68291646]
[-0.2935013]
[-0.08278136]
[0.5159989]
[0.45997755]
[-0.04445611]
[-0.12083202]
[-0.43221307]
[-0.63615128]
[-0.63504808]
[-0.68414098]
[-0.60428728]
[0.25018571]
[-0.28214799]
[0.21205734]
[-0.33977203]
[-0.87830401]
[-0.82932515]
[0.53901807]
[-0.22258908]
[-0.54392076]
[0.02283413]
[-0.76262397]
[-0.13466064]
[-0.25470926]
[-0.16475556]
[-0.37867702]
[0.75251343]
[0.81648953]
[-0.63777095]
[-0.83987595]
[-0.7152534]
[-0.48010932]
[-0.06248632]
[0.85474194]
[-0.6664601]
[-0.23877374]
[-0.42645767]
[-0.41786052]
[-0.19023328]
[-0.16060824]
[0.47619014]
[-0.73916589]
[-0.76419765]
[-0.11788632]
[-0.21668505]
[-0.21668505]
[-0.44471001]
[-0.27323497]
[0.42018895]
[-0.50529235]
[-0.11254663]
[-0.23922945]
[-0.0769501]
[0.49447372]
[-0.76894079]
[0.04782753]
[0.28261757]
[-0.36359952]
[-0.46233536]
[0.01264522]
[-0.41214893]
[-0.13331206]
[-0.19104532]
[-0.32141497]
[-0.32141497]
[-0.05872316]
[-0.06576962]
[-0.13831557]
[-0.7193838]
[0.8672163]
[-0.48460927]
[-0.04860869]
[-0.83998035]
[0.79194542]
[-0.50047439]
[-0.54170621]
[-0.53256447]
[0.5140817]
[0.5140817]
[-0.67401821]
[-0.84367807]
[-0.58742369]
[0.37077507]
[-0.17986988]
[-0.02368184]
[0.912343]
[-0.12583162]
[-0.27383144]
[0.26072196]
[0.00533711]
[-0.31544261]
[-0.61456145]
[-0.6804308]
[-0.67960868]
[-0.78366492]
[-0.82364461]
[-0.3447712]
[-0.328388]
[-0.47206638]
[-0.31116335]
[0.23177424]
[-0.58991182]
[-0.3065278]
[0.465088]
[-0.21496311]
[-0.22469402]
[0.03134503]
[0.46000209]
[0.29945282]
[-0.78921124]
[0.78830269]
[-0.82760942]
[-0.8093603]
[-0.35047548]
[-0.51423025]
[-0.50030431]
[0.15195008]
[-0.40004389]
[0.04184139]
[-0.78210709]
[-0.05424269]
[-0.80951018]
[0.43051441]
[-0.41713588]
[-0.67569128]
[-0.05636835]
[0.03775446]
[-0.57547921]
[-0.29723047]
[0.10338267]
[-0.46423806]
[0.47623789]
[-0.27345231]
[-0.51479525]
[-0.16604469]
[0.15383974]
[0.15383974]
[0.15383974]
[0.16248046]
[-0.42649193]
[-0.83470975]
[-0.20739223]
[-0.20739223]
[0.10616465]
[-0.3817959]
[-0.29389767]
[-0.61249599]
[-0.27441494]
[0.01765185]
[-0.63168001]
[-0.43137173]
[-0.83917429]
[0.19714937]
[-0.0802902]
[-0.55930705]
[-0.49367135]
[0.0824931]
[-0.05970397]
[-0.65899424]
[-0.07751665]
[0.91789016]
[-0.68244384]
[0.60231664]
[-0.38988971]
[-0.63673773]
[-0.70299732]
[0.12529443]
[-0.16280161]
[0.27587017]
[-0.04479045]
[-0.0282413]
[-0.15910472]
[-0.78026991]
[0.09994271]
[-0.73281057]
[-0.7085059]
[-0.38117842]
[-0.65577014]
[-0.40440984]
[-0.58581826]
[0.94149706]
[-0.21504236]
[0.43063477]
[-0.62822773]
[0.62382194]
[-0.60298307]
[-0.14125179]
[-0.5050627]
[-0.62407935]
[0.67800192]
[0.85090998]
[0.85090998]
[-0.7698002]
[0.55227418]
[0.23223715]
[-0.08007946]
[-0.32215819]
[-0.63826179]
[-0.82573905]
[0.75422692]
[0.85299152]
[-0.37342912]
[-0.2722354]
[0.09018085]
[-0.10233699]
[-0.21984915]
[-0.1227646]
[-0.84315319]
[-0.53422503]
[-0.15118114]
[0.53134097]
[0.53134097]
[-0.23400991]
[-0.64170515]
[-0.49987426]
[0.09242613]
[0.48565864]
[-0.12047034]
[0.23364441]
[-0.79774065]
[0.17733424]
[-0.26356185]
[0.62119909]
[0.62119909]
[-0.65964931]
[-0.64578134]
[-0.13355642]
[-0.70548097]
[-0.51626242]
[-0.53311837]
[-0.53311837]
[-0.18568381]
[0.78850834]
[0.75172289]
[-0.55233485]
[-0.11011963]
[-0.20976522]
[-0.20976522]
[0.32964454]
[0.36809031]
[0.36809031]
[-0.29859712]
[-0.5455873]
[-0.59178639]
[-0.32263019]
[-0.01296608]
[-0.49641596]
[0.45054029]
[0.07811825]
[-0.02005889]
[-0.7867505]
[-0.31128747]
[-0.66784462]
[-0.29285451]
[0.3386299]
[-0.6196956]
[-0.52549244]
[-0.39533985]
[-0.51207882]
[-0.03080347]
[0.73038787]
[0.0082375]
[0.07411531]
[-0.15058084]
[-0.45462632]
[-0.09894052]
[-0.25487895]
[-0.7755263]
[-0.61528027]
[-0.58872501]
[-0.41447176]
[0.07465171]
[-0.62889274]
[0.09412933]
[0.68802981]
[-0.09403497]
[0.55005774]
[0.38084409]
[-0.19745891]
[-0.55591572]
[-0.28229594]
[0.06201234]
[-0.57788493]
[-0.61057131]
[0.05268731]
[-0.27721725]
[-0.19991688]
[0.1133874]
[-0.73896799]
[-0.79430773]
[-0.04110384]
[0.39806685]
[0.35583286]
[0.73920789]
[0.26627027]
[-0.06960268]
[0.57951078]
[-0.34791586]
[0.70755792]
[0.70755792]
[0.70755792]
[-0.61308235]
[-0.78932422]
[0.33239584]
[0.05543001]
[-0.0723944]
[-0.08685292]
[-0.09451485]
[-0.09451485]
[-0.69253951]
[0.07746268]
[-0.0401063]
[-0.40059993]
[-0.07403626]
[-0.37597045]
[-0.12388059]
[-0.82131204]
[0.38325374]
[-0.6259431]
[0.48457772]
[-0.52394737]
[0.31923023]
[-0.38848159]
[0.05147912]
[-0.85210262]
[0.16204099]
[-0.74158479]
[-0.66066845]
[0.09964014]
[-0.52902314]
[0.64560033]
[0.89628086]
[0.52652558]
[0.52090149]
[0.02785697]
[0.02785697]
[-0.57229127]
[0.54730821]
[0.54730821]
[0.64455364]
[0.64455364]
[-0.25058358]
[-0.2513007]
[0.368179]
[-0.14439595]
[0.09429695]
[-0.00144479]
[-0.24587792]
[-0.11370629]
[0.57937387]
[0.39431706]
[-0.30770113]
[0.10099086]
[0.15082403]
[0.09968378]
[-0.10900118]
[-0.20839695]
[0.7583551]
[-0.47361452]
[0.10021492]
[-0.03263865]
[-0.03263865]
[0.7790498]
[0.01938021]
[-0.60770333]
[0.45382612]
[0.34420751]
[-0.03432757]
[0.1901249]
[0.24420082]
[-0.71360585]
[0.70457816]
[-0.26648487]
[0.21325641]
[0.21325641]
[-0.6293673]
[-0.33032515]
[0.27446589]
[-0.29426821]
[-0.24597136]
[-0.20144004]
[0.10595802]
[0.22097877]
[-0.24567873]
[-0.65763592]
[-0.4871709]
[-0.4871709]
[-0.57667683]
[-0.25344344]
[0.75212165]
[0.27096323]
[-0.26583047]
[0.74182587]
[-0.64097353]
[-0.23256341]
[0.14524504]
[0.17948537]
[-0.1701413]
[0.2034258]
[-0.04194727]
[0.31559509]
[-0.75238754]
[-0.05532779]
[-0.31263116]
[-0.0014559]
[0.57363118]
[-0.51564353]
[0.65718332]
[-0.701055]
[-0.38514383]
[0.00311097]
[-0.5091636]
[0.46970526]
[-0.04630404]
[0.29955481]
[-0.484338]
[-0.42458771]
[-0.24137008]
[0.47660963]
[-0.37274473]
[-0.2568452]
[-0.45129514]
[-0.68000523]
[0.05718506]
[0.14254868]
[0.95895121]
[-0.6218291]
[-0.00702352]
[0.19187459]
[-0.19569054]
[-0.20643183]
[0.56697812]
[0.56697812]
[-0.10467495]
[-0.31696942]
[-0.31696942]
[-0.10173794]
[0.35818349]
[-0.07279395]
[-0.7964985]
[-0.3528372]
[-0.37787567]
[-0.15738034]
[-0.13437601]
[-0.43708889]
[0.0122688]
[-0.10264772]
[-0.24975536]
[-0.4443397]
[-0.22214827]
[-0.61776407]
[-0.18553689]
[-0.70073323]
[-0.19626702]
[-0.15021286]
[-0.13246986]
[0.29330274]
[0.1971214]
[-0.36822406]
[-0.05654014]
[-0.15910953]
[-0.38012909]
[-0.55287752]
[-0.2524998]
[0.21766878]
[-0.48777219]
[-0.09541425]
[-0.02492424]
[-0.59807515]
[0.30181708]
[0.11668454]
[-0.23314561]
[0.38057575]
[0.38057575]
[0.63404557]
[0.85872946]
[-0.71647756]
[-0.66619927]
[0.78216553]
[0.74226907]
[-0.05707399]
[-0.03888434]
[0.38013789]
[0.38013789]
[0.61884408]
[-0.7885208]
[0.09084235]
[-0.57378819]
[-0.25251065]
[-0.606506]
[-0.25521481]
[0.29365659]
[0.03370365]
[0.03370365]
[-0.06602133]
[-0.40549064]
[0.08943303]
[0.24500905]
[-0.66562482]
[-0.3323939]
[0.21361255]
[0.46318537]
[0.41297569]
[-0.28405786]
[-0.01248397]
[-0.01248397]
[-0.14512386]
[-0.41141579]
[-0.41141579]
[0.00680607]
[0.10390641]
[-0.00633831]
[0.126384]
[-0.26082524]
[0.01476772]
[-0.2474384]
[-0.50762732]
[-0.54062993]
[-0.35033392]
[-0.58828592]
[-0.40235571]
[0.73649546]
[-0.37209686]
[0.27197696]
[0.27197696]
[-0.50651184]
[-0.7140575]
[-0.25131644]
[-0.30218115]
[-0.0242587]
[-0.0242587]
[-0.25852824]
[-0.61623437]
[0.15655098]
[-0.2584168]
[-0.01276296]
[-0.03597999]
[-0.18531754]
[-0.18531754]
[-0.01782989]
[-0.01782989]
[-0.38371905]
[-0.53225096]
[0.52434157]
[-0.01643035]
[-0.59427168]
[-0.46582065]
[-0.64017098]
[-0.09176103]
[-0.625223]
[-0.26936298]
[-0.59590066]
[-0.24210513]
[0.08123049]
[0.06550522]
[0.12404375]
[0.12501019]
[0.49215742]
[-0.44101132]
[-0.38310604]
[0.9230941]
[-0.47314369]
[-0.01899069]
[-0.0008417]
[-0.0008417]
[-0.0308458]
[-0.0308458]
[-0.25870533]
[0.70392584]
[-0.31712758]
[-0.49394414]
[-0.01171763]
[0.52900646]
[0.80644633]
[0.26865395]
[0.16785767]
[0.26865395]
[0.60448665]
[-0.20206514]
[0.4841764]
[0.51923218]
[0.1599606]
[-0.0878341]
[0.233662]
[-0.33343947]
[0.11072373]
[0.35696746]
[-0.05330762]
[-0.21925095]
[0.73107527]
[0.06496785]
[-0.29211416]
[-0.18781046]
[0.44992254]
[-0.48835896]
[0.21259544]
[0.6472078]
[0.05842024]
[0.69400383]
[-0.1436306]
[-0.30489721]
[0.14906886]
[0.04412626]
[-0.50278627]
[-0.1145005]
[-0.28958808]
[-0.45334384]
[-0.485804]
[0.48211643]
[0.12737714]
[-0.01964055]
[-0.59509946]
[0.35558891]
[0.10911123]
[0.17686954]
[0.06552122]
[0.06552122]
[0.81409409]
[0.81409409]
[0.81409409]
[0.53648581]
[0.53648581]
[-0.22057011]
[0.1144533]
[0.52052042]
[0.25041353]
[-0.31232062]
[0.56416515]
[-0.31232062]
[-0.27582274]
[0.5269938]
[-0.25105577]
[-0.51120232]
[-0.01844268]
[-0.50963736]
[0.16159543]
[-0.38018477]
[-0.31725255]
[-0.07348355]
[-0.38036507]
[-0.15268169]
[0.09809446]
[-0.04703577]
[0.2711094]
[0.00042714]
[-0.23643244]
[-0.26352701]
[-0.05466741]
[-0.47321082]
[0.23915568]
[-0.02387929]
[0.04097961]
[-0.07714314]
[-0.17936741]
[-0.67870499]
[0.61995439]
[-0.30711746]
[0.03921672]
