[0.61013777]
[0.1717896]
[0.20140223]
[0.22851369]
[0.37943365]
[0.16126291]
[0.10723284]
[0.32123494]
[0.04480477]
[0.78094835]
[0.10216489]
[0.06654787]
[0.09737827]
[0.49118111]
[0.09254616]
[0.08703239]
[0.14844838]
[0.1660042]
[0.32410542]
[0.14846594]
[0.15104111]
[0.7346249]
[0.74981806]
[0.17062229]
[0.06712154]
[0.50679175]
[0.19007243]
[0.23575883]
[0.04717991]
[0.17062229]
[0.04717991]
[0.64267307]
[0.44768101]
[0.06467253]
[0.13486879]
[0.31671609]
[0.27487227]
[0.27101206]
[0.73252697]
[0.18549023]
[0.07900645]
[0.52226426]
[0.07758914]
[0.32934399]
[0.0916841]
[0.44768101]
[0.07758914]
[0.06245791]
[0.27487227]
[0.10723284]
[0.28996173]
[0.5344822]
[0.05178042]
[0.13486879]
[0.5207928]
[0.04717991]
[0.43380704]
[0.72280112]
[0.43315959]
[0.5531486]
[0.07758914]
[0.30832509]
[0.3874829]
[0.22851369]
[0.36010881]
[0.27607065]
[0.22851369]
[0.58819173]
[0.74969711]
[0.17460704]
[0.25735912]
[0.37614875]
[0.12688698]
[0.13486879]
[0.13530756]
[0.59406976]
[0.09319341]
[0.14164918]
[0.45639454]
[0.13134596]
[0.13486879]
[0.03556811]
[0.73158372]
[0.14844838]
[0.27138962]
[0.42433442]
[0.20327356]
[0.20937491]
[0.56015123]
[0.2336764]
[0.5344822]
[0.04717991]
[0.19007243]
