[0.41347781]
[0.41612488]
[-0.58459964]
[0.41318104]
[0.41306585]
[0.41779891]
[-0.59004635]
[-0.58505031]
[0.41553608]
[-0.59113133]
[0.41308171]
[0.41444388]
[0.41631362]
[0.40895981]
[0.42330158]
[0.41421139]
[0.41308171]
[0.41834414]
[0.42102414]
[0.42165187]
[0.41843078]
[0.41367462]
[0.40977415]
[-0.59004635]
[-0.58687785]
[0.4157196]
[0.42079115]
[0.41156998]
[-0.58959964]
[-0.58806303]
[-0.58200416]
[0.4192605]
[-0.5894219]
[-0.58772266]
[-0.58221135]
[-0.58687785]
[-0.58652219]
[0.42624295]
[-0.5866209]
[-0.58671686]
[0.42054656]
[-0.58279979]
[0.41839588]
[0.41501504]
[0.41825736]
[-0.58749789]
[-0.5884527]
[-0.59067693]
[0.41280261]
[0.40932307]
[-0.58380419]
[0.41499761]
[-0.57929051]
[0.40950388]
[-0.58552212]
[-0.58294308]
[-0.59031582]
[-0.58032939]
[0.41367462]
[-0.58160165]
[-0.58451974]
[-0.58040479]
[0.41445202]
[-0.58503816]
[-0.58378065]
[-0.59013599]
[-0.59049612]
[-0.58880347]
[0.41515994]
[0.4133791]
[-0.59067693]
[0.41729352]
[-0.58182964]
[0.41799584]
[0.41204423]
[-0.58746162]
[-0.5864237]
[0.41553608]
[-0.58749789]
[0.41328016]
[0.41367462]
[0.41328016]
[0.41151145]
[-0.58386821]
[0.41506326]
[0.41799584]
[0.42474484]
[0.4145377]
[0.40986401]
[0.41890639]
[0.41794178]
[-0.58193016]
[0.41258821]
[0.41808316]
[-0.58632538]
[0.41510007]
[0.41634545]
[-0.59058648]
[0.41318104]
[-0.58462015]
[0.41621935]
[0.41308171]
[0.41004327]
[0.41794986]
[0.41310242]
[0.41198307]
[0.4135763]
[0.41423577]
[0.41298214]
[0.41843078]
[0.41868389]
[0.41911757]
[-0.58018497]
[0.4133791]
[0.41298214]
[0.41553608]
[-0.58392185]
[0.4115473]
[-0.58995673]
[0.41843078]
[-0.58070713]
[-0.58899689]
[-0.59104019]
[0.42271766]
[0.40914172]
[0.41308171]
[0.41843078]
[0.41347781]
[-0.58163542]
[-0.58599731]
[-0.59094918]
[0.41817036]
[-0.58781564]
[-0.58781564]
[0.41352394]
[-0.58459964]
[0.42124638]
[0.40932307]
[0.42018047]
[0.4133791]
[0.41391516]
[-0.5843676]
[-0.58703929]
[0.41347781]
[-0.58995673]
[0.4107554]
[-0.57957497]
[-0.58793014]
[0.40941352]
[0.40941352]
[0.41304147]
[-0.58270648]
[0.4133791]
[0.41771609]
[-0.58679727]
[0.41040036]
[-0.58327779]
[0.42194629]
[0.41837752]
[0.41487262]
[0.4156135]
[0.42145127]
[0.41756389]
[-0.58631605]
[0.41102043]
[-0.58671984]
[-0.59058648]
[-0.58681896]
[-0.58679727]
[0.41166192]
[-0.59067693]
[-0.58404192]
[-0.5810872]
[0.4217172]
[-0.58552212]
[0.4115473]
[-0.59076759]
[0.40950388]
[-0.58880347]
[0.41643855]
[0.41288233]
[0.41071743]
[0.41611138]
[-0.59076759]
[-0.58536443]
[0.41163468]
[-0.58315453]
[-0.57430092]
[-0.59031582]
[0.41276008]
[-0.57882661]
[-0.57760528]
[-0.59122267]
[0.41318104]
[0.41603687]
[0.41849628]
[0.41013274]
[-0.58695853]
[0.41285226]
[-0.58691829]
[0.41328016]
[-0.58778915]
[-0.58977795]
[0.41361251]
[0.41465551]
[-0.59022585]
[0.41368395]
[-0.58109981]
[0.41119209]
[-0.58510694]
[-0.5846982]
[0.41347781]
[0.41570213]
[0.42063153]
[0.42000753]
[-0.58580559]
[0.41328016]
[-0.59058648]
[-0.58701786]
[-0.58793014]
[-0.58090362]
[-0.58711767]
[0.41799584]
[-0.58396259]
[0.41241586]
[0.41631362]
[0.4164474]
[-0.59040591]
[-0.58695853]
[-0.58872035]
[-0.58180404]
[-0.59076759]
[-0.58231661]
[-0.57967773]
[-0.58754998]
[-0.58169693]
[-0.58421478]
[-0.57975626]
[-0.57890248]
[-0.59076759]
[-0.58505031]
[-0.58959964]
[0.41137215]
[-0.58639601]
[-0.58689758]
[0.41843078]
[0.40968418]
[-0.58412412]
[0.41328016]
[0.40895981]
[-0.58703929]
[0.41156998]
[-0.59085828]
[0.41308171]
[0.41288233]
[0.41288233]
[0.41328016]
[-0.5884527]
[-0.59085828]
[0.41318104]
[0.41463786]
[0.41548917]
[-0.58701786]
[0.41582444]
[-0.58968878]
[0.41515994]
[0.41428626]
[0.40895981]
[-0.5884527]
[0.41418213]
[-0.58781564]
[-0.58703929]
[0.42055345]
[0.40877733]
[0.41308171]
[-0.58741179]
[0.41834414]
[0.41631445]
[-0.58824626]
[-0.58631605]
[-0.58631605]
[0.40877733]
[-0.58563372]
[-0.58951071]
[0.41318104]
[0.42700735]
[-0.58206114]
[0.40932307]
[-0.58639601]
[0.41813478]
[-0.58431032]
[0.41238135]
[0.4135763]
[-0.59049612]
[-0.58475986]
[-0.58695853]
[0.41812369]
[-0.5870218]
[0.40950388]
[0.41817036]
[0.40886867]
[-0.58186111]
[-0.59004635]
[0.41680616]
[0.41384351]
[0.41189617]
[-0.5865562]
[-0.59022585]
[0.4143199]
[0.41882092]
[0.41308171]
[-0.59067693]
[0.41654208]
[0.41347781]
[-0.58428311]
[0.40895981]
[0.41036117]
[0.41808316]
[0.41029915]
[-0.59070003]
[0.41725227]
[0.41467372]
[-0.58832774]
[-0.59013599]
[0.41013274]
[-0.58029705]
[0.41436994]
[-0.58715415]
[-0.58322039]
[-0.58021766]
[0.4133791]
[-0.59058648]
[-0.58810383]
[-0.58715415]
[-0.57936469]
[0.41304952]
[0.41266459]
[0.40995365]
[-0.58231661]
[0.4107554]
[-0.58373985]
[0.4115473]
[0.41304904]
[0.41328016]
[0.41320273]
[0.41487262]
[0.41004327]
[0.41004327]
[0.41822386]
[-0.57874203]
[0.40914172]
[-0.57541865]
[0.4135763]
[-0.59067693]
[0.40895981]
[0.41328016]
[0.41799584]
[0.41588333]
[0.4134438]
[0.41825736]
[0.42140585]
[0.41819289]
[0.41004327]
[0.4133791]
[-0.58516866]
[-0.583969]
[0.41318104]
[-0.58995673]
[0.417557]
[0.41093224]
[0.40868592]
[0.41304147]
[0.40895981]
[0.41084385]
[-0.58781564]
[0.4133791]
[0.41913289]
[-0.58191684]
[-0.59022585]
[0.41799584]
[-0.58246154]
[0.41872862]
[0.40886867]
[-0.58681896]
[0.4133791]
[0.41757238]
[0.4115473]
[-0.58995673]
[-0.58621839]
[0.42157724]
[-0.58691829]
[-0.58293918]
[0.41296071]
[-0.59085828]
[-0.57693291]
[0.41500226]
[-0.59058648]
[-0.58799329]
[-0.57936937]
[-0.58531737]
[-0.59085828]
[0.41643855]
[0.42358458]
[0.42215022]
[-0.59122267]
[0.41215655]
[-0.58182964]
[-0.58459964]
[0.41555053]
[0.4133791]
[-0.58691829]
[-0.58602121]
[-0.58473766]
[0.41450974]
[0.41799584]
[0.42245287]
[0.41586685]
[-0.57737225]
[0.41435301]
[0.41031122]
[0.41328016]
[-0.58459964]
[0.41254535]
[0.40886867]
[-0.58979094]
[0.40895981]
[0.4133791]
[-0.58703929]
[0.4154039]
[0.41693923]
[-0.58854023]
[0.40932307]
[0.41004327]
[-0.58880347]
[0.40923241]
[-0.58691829]
[0.41180906]
[-0.59085828]
[0.41341516]
[0.41594899]
[-0.58671686]
[-0.58684665]
[0.42148259]
[-0.58484006]
[-0.58701155]
[0.41145977]
[0.41336355]
[0.41519254]
[0.41465551]
[0.40995365]
[0.41328016]
[0.40932307]
[0.41163468]
[0.40895981]
[-0.59104019]
[-0.58364183]
[-0.59085828]
[-0.58126688]
[0.41215655]
[0.42040068]
[-0.58308104]
[-0.5858815]
[-0.58854023]
[0.41128442]
[0.41145977]
[-0.58681896]
[0.41794178]
[0.41328016]
[-0.58671686]
[-0.5884527]
[0.41288233]
[0.41416153]
[-0.57778969]
[0.4122431]
[-0.58412132]
[-0.58827806]
[-0.5877569]
[0.41347781]
[-0.58537677]
[0.40950388]
[0.40877733]
[0.4135763]
[0.40914172]
[-0.58356726]
[0.42079115]
[-0.59122267]
[0.40868592]
[0.40905082]
[-0.59013599]
[-0.58615077]
[0.41825736]
[0.41347781]
[-0.58480233]
[0.41480425]
[0.41347781]
[-0.58671832]
[0.41098329]
[0.41888747]
[-0.58615649]
[-0.58968878]
[-0.59049612]
[0.4115473]
[-0.58434886]
[0.41553608]
[0.40959409]
[-0.58799329]
[0.41312215]
[-0.57911426]
[-0.5865562]
[-0.59031582]
[0.41500226]
[0.41532031]
[-0.5866209]
[-0.59113133]
[-0.59031582]
[0.41367462]
[-0.58615649]
[-0.58568892]
[0.4115473]
[0.4133791]
[0.41318104]
[-0.58746162]
[-0.57940665]
[0.41328016]
[0.40877733]
[0.40895981]
[0.41347781]
[-0.58294705]
[-0.58652219]
[0.40905082]
[0.42046136]
[0.41312215]
[-0.59067693]
[0.41494969]
[0.41347781]
[0.41221085]
[0.40905082]
[0.41209561]
[0.41288233]
[0.40977415]
[0.41944373]
[-0.586642]
[0.41603032]
[0.41296071]
[-0.58701786]
[-0.58304328]
[-0.58470494]
[0.40941352]
[-0.59104019]
[-0.58606431]
[-0.58489993]
[-0.58881232]
[0.41318104]
[-0.58695853]
[-0.59104019]
[0.40895981]
[0.41367462]
[-0.59094918]
[-0.58781564]
[0.41128442]
[-0.58615649]
[0.41328016]
[-0.58492038]
[-0.58273959]
[0.41736868]
[0.41572851]
[0.42825046]
[0.41471422]
[0.40950388]
[0.4114629]
[-0.58701786]
[0.40868592]
[-0.58845457]
[0.40886867]
[-0.5789876]
[0.4169381]
[-0.58801693]
[0.41450974]
[0.4135763]
[-0.58368638]
[0.41526234]
[-0.59122267]
[-0.59040591]
[0.41159898]
[0.4133791]
[-0.58899689]
[0.41308171]
[0.41570213]
[-0.58915615]
[-0.58380419]
[-0.59104019]
[0.42051381]
[0.42538503]
[0.41808316]
[0.41927049]
[-0.58139259]
[0.41490421]
[0.41843078]
[0.41215882]
[-0.58054763]
[0.41215655]
[0.41308171]
[-0.58647221]
[0.41756821]
[0.40986401]
[-0.58516866]
[-0.58200416]
[-0.58220419]
[0.40968418]
[0.41454309]
[0.40914172]
[-0.58583847]
[0.41298214]
[0.40886867]
[-0.58749789]
[0.40895981]
[-0.58451083]
[0.41318104]
[-0.58824626]
[-0.58139583]
[0.41627651]
[0.41298214]
[0.41586474]
[0.41421139]
[0.41175374]
[0.41843078]
[0.40959409]
[-0.5892446]
[-0.59060842]
[-0.5842804]
[0.40932307]
[0.41227305]
[0.41066682]
[-0.59094918]
[0.41582444]
[0.41913381]
[-0.58826068]
[-0.58467969]
[0.41776085]
[-0.58817145]
[0.41420242]
[-0.58492038]
[-0.5830957]
[0.40932307]
[-0.59113133]
[0.41473243]
[0.41328016]
[0.41288233]
[-0.58763844]
[-0.58161181]
[0.40877733]
[0.4156324]
[-0.57774976]
[-0.58799329]
[0.41241586]
[-0.58262721]
[0.41328016]
[-0.5856801]
[0.41347781]
[-0.58552212]
[0.42081547]
[0.41308171]
[0.41245618]
[-0.58208445]
[0.41521868]
[-0.59024355]
[-0.59031582]
[-0.58286506]
[-0.59067693]
[-0.59058648]
[-0.58493295]
[-0.58536443]
[-0.58260408]
[-0.58632538]
[0.40995365]
[0.41693923]
[0.41817036]
[0.41254535]
[-0.58638749]
[0.41482681]
[-0.58278301]
[-0.58380419]
[-0.58475986]
[0.42024374]
[-0.5862245]
[-0.59076759]
[0.41490421]
[0.42063159]
[-0.5865562]
[0.41792971]
[-0.58701786]
[-0.58022967]
[0.41290015]
[-0.58475986]
[-0.59022585]
[0.41065797]
[-0.58758414]
[-0.58631605]
[-0.58656669]
[0.4104504]
[0.40950388]
[-0.57167891]
[-0.59058648]
[-0.58169925]
[0.41448325]
[0.4176214]
[-0.58743125]
[0.40701237]
[0.40822798]
[-0.586752]
[0.40993139]
[0.41444209]
[-0.58586472]
[0.42034608]
[0.41195202]
[0.40993139]
[0.41537601]
[0.41155973]
[0.41067079]
[-0.59493855]
[0.41100779]
[-0.58458665]
[0.41518053]
[0.40923348]
[0.40452474]
[0.41648874]
[0.40962192]
[-0.5884237]
[0.41527361]
[0.40692332]
[0.40774134]
[0.42062962]
[0.40885648]
[0.41702434]
[-0.59141576]
[-0.59233564]
[0.41099402]
[-0.58571208]
[0.42116618]
[-0.58965722]
[0.40754834]
[0.41545957]
[-0.58609417]
[0.40366492]
[-0.57758278]
[0.41426989]
[0.40962192]
[0.41099402]
[0.4153502]
[-0.58981249]
[0.41730335]
[0.40994695]
[0.41281593]
[-0.59179789]
[0.41851339]
[0.40512127]
[-0.59020174]
[0.41000655]
[0.41545212]
[-0.57943448]
[0.41143009]
[0.41303757]
[0.4175421]
[0.40947229]
[0.40923348]
[0.41054723]
[0.41490749]
[0.41057709]
[0.41787797]
[0.4120371]
[0.41399559]
[0.40964529]
[-0.58920357]
[0.4153502]
[0.41831931]
[-0.59058064]
[0.41165286]
[0.40964586]
[-0.58826485]
[-0.59225866]
[0.42062962]
[0.41054723]
[-0.58502477]
[0.41825861]
[-0.58875784]
[0.41146308]
[0.41334757]
[0.41199309]
[0.41336343]
[0.41684777]
[0.41033188]
[-0.59005305]
[0.41176635]
[0.41308028]
[-0.58811772]
[-0.58718032]
[0.41757178]
[-0.58401874]
[0.41099402]
[-0.5860011]
[-0.59172133]
[0.41273367]
[0.40780616]
[-0.58601761]
[0.40888879]
[0.4183037]
[-0.58832115]
[-0.59133953]
[-0.59084439]
[-0.58595157]
[0.40534809]
[0.41404843]
[0.41256875]
[0.41107428]
[-0.59225866]
[-0.58256063]
[0.40540004]
[0.41139463]
[0.41267031]
[-0.59616241]
[-0.5896157]
[0.40392378]
[0.41375303]
[-0.59233564]
[0.40785581]
[0.41723627]
[0.41188228]
[0.40822798]
[0.40789297]
[0.40776244]
[-0.58640021]
[0.41396761]
[-0.58502847]
[0.40552032]
[0.42089346]
[0.41367444]
[-0.58319274]
[0.41077706]
[0.41730335]
[0.41445658]
[0.40873662]
[-0.58337379]
[-0.58522815]
[0.40743756]
[0.40993339]
[0.41115451]
[0.40804878]
[0.40937069]
[0.41041714]
[0.4167217]
[0.41678548]
[0.41667292]
[0.41100633]
[-0.58678615]
[0.4147929]
[0.40709287]
[0.41346639]
[0.41289806]
[0.42138055]
[0.41048142]
[0.41764846]
[0.41094708]
[0.42062962]
[-0.58181062]
[-0.59253639]
[0.41908759]
[0.41197029]
[0.41115451]
[0.4115763]
[-0.58997789]
[-0.58781263]
[-0.5791842]
[0.41543928]
[0.40977681]
[0.41091356]
[0.41304204]
[0.40766436]
[0.41559118]
[-0.59225866]
[0.41155431]
[0.41290462]
[0.41556597]
[-0.59504873]
[0.40452474]
[-0.58945197]
[0.41738304]
[-0.58585516]
[0.40383759]
[0.41245046]
[0.41085786]
[-0.58957967]
[-0.58763927]
[0.40571347]
[-0.59386626]
[-0.58632556]
[-0.59307837]
[-0.58937889]
[-0.58632424]
[0.41290131]
[0.40929887]
[0.41308028]
[0.41715884]
[0.41080713]
[0.41335899]
[-0.59055865]
[0.41195202]
[-0.58909005]
[0.4065454]
[0.41540828]
[-0.58785334]
[0.41073588]
[0.4175421]
[0.41492146]
[0.40781835]
[-0.58770543]
[0.41104436]
[0.4071784]
[0.41639706]
[-0.58927014]
[-0.59210479]
[-0.58540764]
[-0.58661103]
[0.41730335]
[0.41497523]
[-0.59573224]
[-0.58896151]
[0.41427785]
[0.4114058]
[0.41953495]
[-0.59035414]
[0.40932226]
[0.41180712]
[0.41810668]
[-0.58990285]
[-0.58788881]
[0.41624811]
[-0.58663538]
[-0.58763018]
[0.41871223]
[0.40543428]
[-0.57980055]
[-0.58446482]
[0.41926295]
[0.40928817]
[-0.58826485]
[0.40827867]
[-0.58695796]
[-0.58845824]
[0.41203326]
[-0.58740497]
[-0.58745688]
[0.41067079]
[0.40772083]
[-0.58117494]
[0.40789521]
[-0.58024269]
[0.41035154]
[0.41916239]
[0.41538298]
[0.41459343]
[-0.58487734]
[0.40495127]
[-0.58892572]
[0.40815988]
[0.41466835]
[0.40923348]
[0.41375303]
[0.41383159]
[0.41022763]
[-0.58736661]
[0.41367444]
[0.41632265]
[0.4114745]
[0.40392378]
[0.41975731]
[-0.58945277]
[0.4144468]
[-0.59031981]
[0.41576511]
[0.40548441]
[0.40953425]
[-0.58989024]
[0.41242719]
[0.41814107]
[-0.58785605]
[-0.58653054]
[-0.59187451]
[0.40946677]
[-0.58330321]
[-0.58717439]
[-0.58929944]
[0.41390583]
[-0.58876538]
[0.40757543]
[0.40911657]
[0.4072789]
[-0.58061379]
[-0.58816406]
[0.41099402]
[0.41619879]
[-0.58375189]
[0.41248611]
[0.41451636]
[0.42046887]
[-0.58396998]
[-0.58494318]
[0.40929887]
[-0.59021768]
[0.41561806]
[0.4072789]
[-0.59218165]
[0.40929586]
[0.41398239]
[-0.59233564]
[0.40766898]
[0.41281158]
[0.41512266]
[0.41270512]
[-0.5872052]
[0.40787449]
[-0.58418331]
[0.41212666]
[0.41117862]
[0.41398841]
[0.41258404]
[0.41444209]
[-0.59245563]
[-0.58523315]
[0.41359895]
[-0.58580977]
[-0.58495292]
[0.41298202]
[-0.59079793]
[-0.58540437]
[-0.58635241]
[0.40766436]
[-0.58743125]
[0.41674796]
[0.40736753]
[0.42062962]
[-0.57874501]
[-0.59296232]
[-0.58735669]
[0.41189197]
[-0.58826485]
[-0.59149203]
[0.4164196]
[0.41378096]
[0.41439247]
[0.40938562]
[0.4035784]
[-0.58717325]
[-0.58857709]
[0.41404843]
[0.41614032]
[-0.58446482]
[0.41549343]
[0.40743431]
[0.41617566]
[0.41099402]
[0.41606915]
[0.4176214]
[-0.58143857]
[-0.58767682]
[0.41314539]
[-0.59233102]
[0.40931132]
[0.41099361]
[0.41561806]
[0.41067213]
[0.41313663]
[0.41556588]
[-0.5872052]
[0.40780884]
[-0.58990285]
[0.41139463]
[-0.59225866]
[0.40797201]
[0.41016102]
[0.41681165]
[0.41523749]
[0.40751016]
[0.41305459]
[0.4043535]
[0.41351637]
[-0.59045562]
[0.42047569]
[0.41430086]
[0.40954438]
[0.41016102]
[-0.58908644]
[0.41351691]
[-0.59129834]
[0.41405886]
[-0.58915523]
[0.41453785]
[-0.58845824]
[0.40916136]
[-0.58712953]
[-0.59167936]
[0.41290131]
[0.41923714]
[0.41413528]
[0.4176214]
[0.40758729]
[-0.59289867]
[-0.58748356]
[0.41189197]
[0.41592285]
[0.40594923]
[-0.59070113]
[0.41343987]
[0.41343802]
[0.41563269]
[0.41730335]
[0.4099896]
[0.41871223]
[0.41281593]
[-0.58802584]
[-0.58502477]
[0.41205615]
[0.40692332]
[0.41206449]
[0.41290131]
[0.41644719]
[0.41518173]
[0.40938562]
[0.41351691]
[-0.59157291]
[-0.5818173]
[0.41364184]
[-0.59004584]
[0.41299087]
[0.41625971]
[0.40797201]
[0.41267031]
[0.41606104]
[0.41325864]
[0.40973318]
[-0.59179789]
[-0.58670896]
[0.41704732]
[0.41132402]
[0.41203129]
[-0.58291936]
[-0.5800212]
[0.41420978]
[0.40781835]
[-0.59027982]
[-0.58076286]
[-0.58622581]
[-0.58501714]
[0.40692332]
[0.40692163]
[-0.58647794]
[-0.59027982]
[-0.58949995]
[0.41335899]
[-0.59538975]
[0.41530627]
[0.4080556]
[0.41367739]
[0.41911414]
[-0.58450055]
[0.40929887]
[0.41075256]
[-0.58541051]
[0.40674484]
[0.41265127]
[-0.59012821]
[0.41550422]
[0.41429022]
[-0.58400983]
[0.41375303]
[-0.58662868]
[-0.58732811]
[0.41983125]
[0.41886267]
[0.41321075]
[0.40915561]
[-0.58540437]
[0.40822798]
[0.41002393]
[-0.58540764]
[-0.59311619]
[-0.58750844]
[0.41579971]
[-0.59073189]
[-0.59061092]
[0.42313197]
[-0.59270135]
[-0.59045562]
[0.41363946]
[-0.59012377]
[-0.58735669]
[-0.59027877]
[-0.5832783]
[0.40688461]
[0.41968331]
